Gene	FDRAdjustedP-value	CancerSampleMed	NormalSampleMed	|log2FC|
UMOD	3.9e-06	1.0	11203.7	-13.45
AQP2	1.7e-07	1.0	1862.9	-10.86
SLC12A1	9.9e-07	1.0	1702.6	-10.73
CXCL14	3.6e-06	1.0	511.3	-9.00
CYS1	2.4e-13	1.0	425.9	-8.73
KCNJ16	5.6e-17	1.0	365.8	-8.52
KCNJ1	3.9e-10	1.6	520.5	-8.34
SFRP1	2.4e-10	1.0	280.1	-8.13
AOC1	2.3e-07	1.0	219.2	-7.78
SLC22A2	2.2e-07	1.0	204.7	-7.68
CLDN10	2.4e-11	1.0	188.5	-7.56
TSPAN8	4.4e-08	1.0	188.7	-7.56
CFTR	2.6e-09	176.8	1.0	7.47
DUSP9	1.3e-06	1.1	189.7	-7.45
SCNN1G	3.9e-09	1.0	157.1	-7.30
BHMT	2.3e-04	1.0	149.0	-7.22
BBOX1	2.4e-04	1.0	148.6	-7.21
PPP1R1A	3.2e-06	2.6	369.9	-7.17
KNG1	3.3e-07	4.8	678.4	-7.15
GALNT14	1.0e-11	1.0	142.0	-7.15
CLDN19	1.0e-06	1.0	132.1	-7.04
PDZK1IP1	8.5e-04	4.0	520.9	-7.02
LINC01320	7.9e-14	1.5	172.5	-6.85
RBP4	5.2e-04	1.0	114.2	-6.83
KLK4	5.6e-08	114.0	1.0	6.83
SCNN1B	1.6e-07	1.0	111.5	-6.80
TRIM50	4.8e-13	209.1	1.9	6.76
PTH1R	4.7e-04	1.3	129.6	-6.61
MAOB	1.8e-09	1.4	134.5	-6.60
KLK15	1.0e-15	90.1	1.0	6.49
TMEM45B	7.1e-09	1.0	81.3	-6.34
MUC15	6.6e-07	1.0	79.2	-6.31
DCN	3.4e-07	3.4	260.3	-6.25
DHRS2	8.0e-06	132.1	1.8	6.22
ADAMTS9-AS1	2.3e-12	1.0	71.0	-6.15
KRT19	5.5e-06	5.5	387.8	-6.15
HRG	3.4e-07	1.0	67.2	-6.07
SERPINA6	1.3e-05	1.0	67.3	-6.07
MGST1	2.6e-04	1.6	106.2	-6.06
BICC1	7.1e-11	1.0	65.5	-6.03
CLDN16	6.1e-06	1.0	64.3	-6.01
LAD1	1.3e-14	1.0	63.7	-5.99
SOSTDC1	3.4e-09	1.0	63.5	-5.99
HCN2	2.7e-15	93.5	1.5	5.97
GLYATL1	6.8e-04	1.0	61.2	-5.94
ANK2	3.4e-08	1.2	69.6	-5.89
PROM1	1.9e-10	1.9	108.6	-5.87
SLC12A3	6.7e-04	1.0	58.1	-5.86
KL	6.5e-06	1.4	80.0	-5.85
TACSTD2	1.9e-06	16.8	963.6	-5.84
SLC9A3	3.0e-05	1.0	56.5	-5.82
ADH1B	1.2e-04	1.0	55.7	-5.80
TMEM255A	5.4e-08	141.6	2.5	5.80
KCNJ10	2.1e-06	1.0	54.9	-5.78
SMTNL2	4.7e-10	1.0	55.0	-5.78
PDZK1	8.0e-07	2.9	155.5	-5.77
CLIC5	1.0e-03	1.3	67.7	-5.75
WNK4	3.0e-07	1.0	53.0	-5.73
HAO2	5.9e-04	1.0	52.9	-5.72
ALDH8A1	2.2e-06	1.0	50.7	-5.66
SLC16A4	1.1e-07	1.8	92.1	-5.65
ACMSD	4.4e-04	1.0	50.2	-5.65
SFTPB	1.2e-06	49.1	1.0	5.62
FGFR3	7.3e-09	1.0	49.0	-5.62
DPP4	1.5e-04	1.2	58.1	-5.59
ABCB1	1.2e-09	1.0	48.1	-5.59
UGT3A1	6.1e-09	1.0	48.2	-5.59
MT1F	1.6e-04	6.3	297.4	-5.55
AGXT2	6.7e-04	1.0	46.9	-5.55
CASR	7.3e-08	1.0	45.1	-5.50
NTRK2	1.5e-06	1.0	44.8	-5.48
CLDN2	9.1e-04	1.0	44.3	-5.47
MT1M	1.8e-05	1.2	50.8	-5.42
RNF128	1.4e-11	1.0	42.6	-5.41
ACY3	1.0e-04	1.0	42.6	-5.41
AMN	4.4e-04	1.2	50.4	-5.40
CRHBP	6.7e-05	1.0	41.8	-5.39
ANKRD2	5.7e-04	1.0	41.9	-5.39
SERPINF2	1.1e-04	1.4	56.9	-5.37
SOD3	1.7e-05	8.2	339.7	-5.36
SHISA3	3.1e-04	2.4	98.3	-5.35
KRTAP5-8	3.4e-08	52.3	1.3	5.34
FLRT3	9.5e-15	1.0	40.1	-5.33
COL9A2	6.4e-10	1.0	41.7	-5.32
SIM2	3.5e-06	1.0	39.9	-5.32
IRX1	7.3e-08	1.0	39.6	-5.31
GJB1	2.8e-06	1.0	39.7	-5.31
TMEM176A	1.8e-07	11.5	454.2	-5.31
PALM3	2.6e-04	1.1	41.8	-5.30
IRX2	2.7e-08	1.0	38.9	-5.28
SLC44A4	2.9e-10	2.4	93.6	-5.26
UGT2A3	5.5e-05	1.0	38.0	-5.25
CAPN6	3.0e-06	1.0	38.0	-5.25
LUM	1.3e-05	4.3	162.2	-5.23
VTCN1	3.9e-11	1.0	36.7	-5.20
SLC6A13	3.7e-05	1.0	36.6	-5.19
ACSM2A	7.6e-04	1.0	36.3	-5.18
NELL1	4.4e-06	1.0	36.1	-5.17
TMEM37	2.0e-09	8.1	291.3	-5.17
PTGER1	1.1e-08	1.0	35.4	-5.15
ANO4	4.9e-13	35.5	1.0	5.15
HOXC-AS3	4.0e-07	1.5	54.3	-5.14
LRRTM1	4.3e-07	34.5	1.0	5.11
FMO1	6.5e-04	1.0	34.4	-5.11
LINC01671	3.0e-11	1.0	34.3	-5.10
AOX1	5.7e-04	1.0	33.7	-5.07
GLDC	2.0e-07	1.0	33.3	-5.06
LINC01139	1.2e-09	1.0	32.7	-5.03
SLC47A1	1.3e-04	1.0	32.7	-5.03
SCD5	1.2e-10	4.5	147.8	-5.02
KLK3	q<=1.7e-18	32.3	1.0	5.01
LOC100506688	9.8e-15	32.2	1.0	5.01
AQP3	7.5e-07	30.8	980.6	-5.00
SBSPON	1.8e-07	1.0	32.0	-5.00
SYNGR3	6.0e-18	108.5	3.4	4.99
AGMAT	7.1e-04	1.5	48.9	-4.98
TMEM176B	5.3e-10	17.8	557.4	-4.97
GSTM3	4.0e-05	6.1	190.3	-4.97
FGFR4	1.0e-06	1.0	31.0	-4.96
RASAL1	4.8e-08	1.0	31.2	-4.96
CYP11A1	2.3e-17	41.7	1.3	4.95
ADRA2C	6.0e-09	1.0	30.7	-4.94
SPNS2	1.5e-08	4.4	134.0	-4.94
LHFPL3-AS2	8.8e-13	1.0	30.4	-4.93
DCDC2	1.3e-08	1.4	41.3	-4.93
KCNJ3	5.2e-08	1.0	29.7	-4.89
NAPSA	2.3e-05	1.0	29.4	-4.88
GALNT17	3.9e-17	210.1	7.2	4.87
NR1H4	2.4e-17	1.0	28.8	-4.85
TCF21	1.4e-06	1.0	28.7	-4.84
TMEM252	3.2e-04	1.0	28.4	-4.83
PKHD1	1.2e-11	1.0	28.0	-4.81
PIP	5.0e-04	28.0	1.0	4.81
LRRC14B	4.7e-11	27.7	1.0	4.79
LRRC19	8.0e-09	1.0	27.6	-4.79
AIF1L	1.1e-09	43.2	1187.2	-4.78
F11	9.0e-07	1.0	27.4	-4.78
SCTR	2.1e-06	1.0	27.3	-4.77
PIPOX	8.0e-04	1.0	26.7	-4.74
USH1C	1.6e-04	1.0	26.5	-4.73
SPINK7	1.3e-06	26.6	1.0	4.73
HS6ST2	1.1e-07	1.0	26.5	-4.73
FOLR1	3.1e-10	12.6	333.8	-4.73
MFSD4A	7.3e-05	8.5	224.6	-4.72
IL1R2	1.1e-06	1.3	34.2	-4.72
CSDC2	4.3e-04	1.0	26.1	-4.71
TCEAL2	9.3e-06	1.0	25.9	-4.69
ASPA	5.6e-09	1.3	33.8	-4.68
GLDN	3.9e-08	25.6	1.0	4.68
CLTRN	2.4e-04	2.6	66.1	-4.67
FOXQ1	5.8e-06	1.0	25.4	-4.67
CLNK	3.9e-18	122.3	4.9	4.65
S100A14	3.2e-05	2.2	53.9	-4.65
LYG1	2.5e-05	1.0	25.1	-4.65
KCP	2.1e-06	1.0	25.0	-4.64
TGFA	3.2e-11	1.2	29.0	-4.63
SULT2B1	2.9e-04	1.0	24.5	-4.62
BHMT2	5.3e-07	9.5	231.6	-4.61
PVALB	6.6e-17	3214.0	132.4	4.60
AK4	1.9e-04	1.0	24.3	-4.59
FAM167A	3.9e-09	1.0	24.0	-4.58
COL4A5	6.7e-12	1.0	24.0	-4.58
SEC14L6	3.7e-09	1.0	23.7	-4.56
CCN1	8.5e-08	24.0	562.0	-4.55
CFAP221	1.2e-12	1.1	26.4	-4.54
SMOC1	6.9e-08	74.7	3.2	4.53
ANGPTL3	4.0e-04	1.0	23.1	-4.53
SCARA3	6.7e-05	2.4	55.5	-4.52
PLAU	2.0e-05	8.8	196.8	-4.49
GPM6A	8.5e-08	1.0	22.5	-4.49
NCS1	2.3e-10	1.3	28.7	-4.49
TFAP2B	1.6e-08	1.0	22.4	-4.49
PRR35	7.8e-08	1.0	22.2	-4.47
RERGL	4.3e-06	1.0	22.1	-4.46
AMBP	7.3e-07	1.0	22.0	-4.46
PHYHIPL	5.6e-12	1.0	21.8	-4.45
LRRK2	6.8e-10	1.0	22.5	-4.44
AQP1	2.0e-11	49.3	1072.1	-4.44
CXCL12	6.1e-07	13.3	287.6	-4.44
EBF2	1.7e-09	21.7	1.0	4.44
NXPH4	1.6e-08	34.7	1.6	4.44
RAMP1	3.7e-06	1.3	28.3	-4.43
TMEM207	2.1e-04	1.0	21.3	-4.41
AKR1C3	8.5e-08	7.2	151.5	-4.39
NRXN3	1.5e-13	21.0	1.0	4.39
IL1RL1	3.8e-04	1.0	20.9	-4.38
EHF	1.3e-06	1.9	40.1	-4.38
DZIP1	3.6e-17	1.0	20.9	-4.38
TNFAIP8L3	4.3e-12	90.0	4.3	4.37
ABO	2.9e-04	1.0	20.6	-4.37
SERPINA1	2.9e-08	17.0	350.1	-4.36
GPRC6A	1.5e-07	20.4	1.0	4.35
LOXL4	6.2e-05	1.0	20.4	-4.35
SCG3	4.1e-04	20.3	1.0	4.34
FBN3	2.3e-14	31.3	1.5	4.34
BMP6	1.5e-05	1.9	37.9	-4.34
LOC100506444	3.1e-05	1.0	20.1	-4.33
FMOD	1.6e-05	1.9	37.9	-4.33
MT1X	1.5e-05	11.8	236.9	-4.33
LAMC2	6.6e-06	1.7	33.3	-4.33
PLCB1	3.6e-09	1.2	24.6	-4.33
MYL3	2.4e-05	1.8	36.1	-4.33
SPON1	5.6e-05	1.0	19.8	-4.31
HS6ST3	4.0e-14	28.7	1.4	4.31
SUSD4	1.7e-07	3.8	76.3	-4.31
EDN2	4.8e-05	1.0	19.7	-4.30
PRODH	6.4e-06	1.0	19.4	-4.28
NEURL1	3.9e-08	19.7	1.0	4.28
ATP2B2	1.7e-11	19.4	1.0	4.28
MISP	1.9e-06	1.0	19.3	-4.27
RBP5	2.1e-04	8.4	161.1	-4.26
CLDN14	6.5e-04	1.0	19.2	-4.26
HOGA1	4.9e-08	4.1	78.0	-4.25
GLIS3	2.2e-11	1.0	19.1	-4.25
AFMID	7.5e-12	8.0	150.7	-4.24
FOXC1	3.5e-10	3.3	61.9	-4.23
TIMD4	2.5e-10	82.6	4.4	4.23
KBTBD11	1.7e-09	1.7	31.7	-4.23
COL27A1	9.6e-09	1.1	19.6	-4.22
FRAS1	7.7e-08	1.0	18.7	-4.22
SLC1A1	3.6e-05	1.1	21.4	-4.22
ESRRB	6.3e-05	2.9	53.0	-4.21
FBLN1	1.0e-03	5.0	92.2	-4.21
PDGFRA	9.8e-05	1.0	18.4	-4.20
IGFBP2	7.7e-12	20.1	366.8	-4.19
PTH2R	2.3e-12	1.0	18.2	-4.18
MEST	4.8e-07	1.6	28.6	-4.18
SERP2	3.5e-11	1.3	23.5	-4.18
INSYN1	2.6e-15	101.4	5.6	4.18
RALYL	2.6e-07	1.0	18.0	-4.17
ADAMTS9-AS2	7.8e-12	1.0	17.9	-4.16
VGLL1	1.0e-04	1.0	17.8	-4.16
HAGHL	1.9e-17	210.5	11.9	4.14
LGI2	2.4e-05	1.0	17.6	-4.14
AKAP12	2.5e-06	3.7	63.9	-4.12
WNT7B	1.0e-04	1.0	17.4	-4.12
SFTA2	9.5e-04	1.0	17.2	-4.11
MAB21L4	8.1e-05	1.0	17.2	-4.11
SIRLNT	7.7e-06	1.0	17.1	-4.10
SLC22A17	1.9e-11	3.4	58.9	-4.09
EGOT	4.8e-08	1.0	17.1	-4.09
LINC01762	5.1e-07	4.1	70.0	-4.08
SLC15A2	3.5e-09	1.0	16.8	-4.07
PACSIN3	3.6e-13	2.0	33.7	-4.07
PART1	1.6e-08	16.7	1.0	4.07
LINC02532	2.8e-15	8.7	145.0	-4.06
CR1L	6.8e-15	23.4	1.4	4.06
GIPC2	4.5e-05	1.0	16.6	-4.06
PFKFB3	2.7e-05	21.2	353.4	-4.06
PADI2	2.0e-04	2.0	32.7	-4.06
LOC105372441	5.0e-16	16.6	1.0	4.05
DTX1	4.7e-05	1.0	16.5	-4.04
ELOVL4	7.4e-13	16.7	1.0	4.04
SHMT1	3.9e-08	14.0	228.4	-4.03
LOC105374428	8.0e-10	1.0	16.2	-4.02
PRKCQ	1.5e-06	1.6	25.7	-4.02
CNTN1	1.2e-05	1.0	16.1	-4.01
SHH	1.1e-07	1.0	16.1	-4.00
SMIM32	3.5e-04	1.0	16.0	-4.00
TYRP1	9.1e-06	1.0	15.9	-4.00
GP2	1.1e-06	1.0	15.9	-3.99
ELAVL2	3.2e-07	15.7	1.0	3.98
SLC28A1	5.0e-04	1.0	15.8	-3.98
NTN1	1.8e-18	72.6	4.6	3.98
NEK11	q<=1.7e-18	1.0	15.8	-3.98
LHX9	8.6e-07	15.8	1.0	3.98
CEND1	6.4e-07	41.2	2.6	3.97
PCSK1N	6.0e-07	9.6	148.8	-3.95
NPAS2	5.1e-09	1.0	15.4	-3.95
AFAP1L2	1.1e-06	4.8	73.7	-3.95
CPAMD8	2.5e-05	2.4	37.3	-3.94
MOXD1	7.1e-05	3.7	56.4	-3.94
FMO2	3.2e-08	1.0	15.4	-3.94
SLC25A48	1.7e-08	1.0	15.3	-3.93
LRFN5	2.1e-11	15.0	1.0	3.91
RSPH1	8.1e-10	1.0	15.1	-3.91
DOK5	7.5e-06	1.0	15.0	-3.90
CDH2	2.3e-06	1.0	14.9	-3.90
IRX3	2.2e-06	2.1	30.7	-3.90
SALL2	1.9e-07	1.0	14.8	-3.89
FHL2	2.0e-04	3.1	45.7	-3.86
C1R	4.3e-04	8.4	121.8	-3.86
BAALC	8.8e-09	38.2	2.6	3.86
CCDC160	1.7e-07	1.0	14.4	-3.85
VCAM1	1.5e-04	7.8	112.7	-3.85
HUNK	8.5e-09	1.0	14.5	-3.85
THRSP	2.5e-05	33.9	2.4	3.85
ENPEP	5.7e-04	2.6	37.2	-3.84
KCNK5	9.1e-06	1.6	23.5	-3.84
ITM2C	8.1e-07	31.7	454.0	-3.84
SDCBP2	1.7e-12	160.6	11.3	3.83
MB	3.8e-07	14.2	1.0	3.83
SRRM3	2.2e-06	19.6	1.4	3.83
PPP1R14C	1.1e-07	1.0	14.2	-3.82
BAALC-AS2	5.2e-08	18.1	1.3	3.82
IQCA1	1.6e-09	1.0	14.0	-3.81
NPY1R	1.7e-06	3.9	54.5	-3.81
MNS1	1.1e-09	1.4	19.1	-3.78
TMC5	6.7e-10	13.8	1.0	3.78
RHCG	1.4e-14	3119.9	228.4	3.77
IRX5	3.3e-07	1.0	13.6	-3.77
C21orf62	1.8e-07	1.0	13.6	-3.76
LINC02593	1.1e-05	1.0	13.6	-3.76
SALL1	3.6e-08	4.7	63.4	-3.76
SAMD11	2.7e-09	1.0	13.4	-3.75
SLC2A4	3.4e-12	44.7	3.3	3.75
FAM110C	9.7e-07	1.7	23.2	-3.74
C1S	2.9e-04	7.8	104.0	-3.74
GPM6B	6.1e-07	1.1	14.9	-3.74
NR2F2-AS1	4.6e-09	1.7	22.0	-3.73
SLC14A1	3.5e-04	4.3	56.6	-3.73
MFHAS1	1.1e-07	1.9	25.5	-3.73
B3GNT3	3.0e-04	1.0	13.2	-3.72
PRKAR2B	9.2e-05	2.2	28.7	-3.71
HNF1A-AS1	1.4e-09	1.0	13.1	-3.71
GATA3-AS1	2.0e-05	1.5	19.7	-3.70
MYRIP	8.7e-12	43.1	3.3	3.70
SLC45A3	4.4e-07	1.0	13.0	-3.70
PRUNE2	2.9e-09	1.0	13.0	-3.70
PTPRS	7.5e-07	1.2	16.1	-3.70
SLCO4C1	4.0e-09	2.6	34.3	-3.70
GPC5	5.3e-05	1.0	13.0	-3.70
PLAT	8.4e-08	13.4	172.8	-3.69
AVPR1A	3.0e-10	70.6	5.5	3.69
TAGLN3	3.5e-07	1.0	12.9	-3.69
CCN2	5.8e-07	34.0	437.0	-3.69
SIGLEC15	8.6e-07	13.6	1.1	3.68
FUT6	3.9e-04	1.0	12.8	-3.68
RHEX	3.8e-08	1.0	12.8	-3.67
PHACTR1	4.4e-07	2.5	32.5	-3.67
AVPR2	1.7e-05	2.0	25.7	-3.67
GPR37	4.8e-10	12.8	1.0	3.67
ASRGL1	2.3e-10	3.4	42.3	-3.66
PDK4	1.6e-06	26.7	338.7	-3.66
MRGPRF	9.4e-06	1.0	12.6	-3.66
FIBIN	3.6e-04	1.8	22.5	-3.66
LIX1	3.7e-04	1.0	12.6	-3.66
CLGN	7.5e-06	12.6	1.0	3.65
FOXI2	5.1e-07	51.6	4.1	3.64
KLHL14	1.7e-07	1.0	12.4	-3.63
EVA1A	1.5e-07	3.5	43.7	-3.63
ERVMER34-1	1.1e-06	1.0	12.4	-3.63
OLFM1	6.5e-04	1.3	16.0	-3.62
COL26A1	7.2e-05	1.0	12.3	-3.62
OLFM2	1.7e-06	1.8	22.6	-3.62
SLC16A12	5.0e-10	8.7	107.1	-3.62
DAPK1	3.3e-10	4.2	51.3	-3.62
SPSB4	1.6e-12	14.0	1.1	3.61
DNAAF11	6.8e-17	1.0	12.8	-3.61
MIR221	6.3e-10	12.2	1.0	3.60
TLN2	2.3e-09	2.6	31.2	-3.60
LINC02762	4.2e-16	29.6	2.5	3.59
TOX	7.6e-08	1.0	12.0	-3.59
TRIM55	2.3e-04	1.0	12.0	-3.59
ADAMTS15	2.7e-04	1.1	13.2	-3.58
GGH	6.3e-05	4.6	55.2	-3.58
PRELP	5.6e-05	2.1	25.0	-3.57
CCL2	5.5e-04	25.9	307.2	-3.57
TBX15	1.3e-06	11.8	1.0	3.56
ID1	1.1e-08	24.1	284.2	-3.56
INAVA	1.3e-08	1.0	11.8	-3.56
FOXI1	q<=1.7e-18	887.7	75.2	3.56
MT1E	7.2e-06	31.5	372.8	-3.56
C4BPB	2.4e-07	11.7	1.0	3.55
KIFC3	4.7e-08	10.3	119.5	-3.54
SYTL4	5.7e-08	1.0	11.6	-3.54
PSG5	2.2e-05	11.7	1.0	3.54
SLC16A2	1.7e-11	2.5	28.3	-3.53
CPXM2	7.0e-11	263.6	22.8	3.53
CCDC181	3.3e-13	1.0	11.5	-3.52
FAM189A2	1.4e-14	84.6	7.4	3.52
DACH1	4.2e-04	1.0	11.4	-3.52
TSPAN2	1.8e-05	1.0	11.5	-3.52
LINC01606	6.7e-06	1.0	11.5	-3.52
CRTAC1	6.9e-05	141.3	12.3	3.52
PAPLN	2.9e-04	1.2	13.6	-3.51
ATP6V0D2	q<=1.7e-18	1068.5	94.3	3.50
LRRC75B	2.7e-07	2.8	32.3	-3.50
KIF12	7.6e-10	27.5	309.6	-3.49
PDE10A	4.3e-06	5.0	56.0	-3.49
FGF14-AS2	4.0e-11	2.5	27.9	-3.48
FOXJ1	8.4e-10	1.0	11.2	-3.48
TMPRSS3	5.2e-04	1.5	16.6	-3.48
MIR3197	8.0e-13	11.5	1.0	3.48
AKR1C2	7.4e-04	1.1	12.8	-3.48
GCNT1	9.2e-10	20.7	1.9	3.48
FGL2	1.5e-06	8.8	98.8	-3.48
PARVB	q<=1.7e-18	88.4	8.0	3.47
EDN1	4.5e-07	2.5	27.9	-3.46
TMEM178A	1.4e-08	5.0	54.7	-3.46
HEPACAM2	1.4e-13	359.5	32.7	3.46
PBLD	1.4e-05	13.1	143.3	-3.45
CABP1	9.4e-06	1.1	12.1	-3.45
MTMR11	2.1e-10	1.9	20.4	-3.44
CKMT1A	q<=1.7e-18	23.2	2.1	3.44
ITPKA	3.4e-11	10.8	1.0	3.44
ZNF185	1.5e-14	2.8	30.1	-3.44
SCD	7.0e-09	115.4	10.7	3.44
OVCH2	3.6e-10	1.0	10.9	-3.44
DOCK11	4.0e-08	1.2	13.2	-3.44
FAM20A	6.7e-06	1.3	13.9	-3.43
CTNNA2	3.3e-05	10.7	1.0	3.42
MT3	5.7e-04	93.5	8.7	3.42
HSPA2	6.3e-06	39.9	425.7	-3.42
PROX1	3.7e-04	1.0	10.7	-3.42
AQP5-AS1	9.3e-04	1.0	10.7	-3.42
PRSS35	6.7e-04	1.0	10.6	-3.41
ELFN1	4.7e-06	1.1	12.1	-3.41
TSPAN5	2.3e-14	184.7	17.4	3.41
EPHA4	1.3e-06	1.1	11.3	-3.40
ATP12A	1.2e-05	1.0	10.6	-3.40
STAP1	9.1e-09	331.0	31.5	3.39
PROC	3.5e-04	1.0	10.4	-3.38
CYP1B1	9.2e-08	4.1	42.1	-3.38
SULT1C4	5.5e-05	3.3	34.7	-3.38
NFASC	2.5e-04	2.1	22.0	-3.38
DNASE1L3	1.1e-09	8.0	83.2	-3.37
LINC00671	1.2e-05	2.2	22.4	-3.37
CADM1	6.4e-08	3.9	40.0	-3.37
RPH3AL-AS1	4.4e-08	1.0	10.3	-3.36
DMRT2	1.5e-17	423.3	41.3	3.36
FBLN5	8.3e-08	15.2	155.8	-3.36
CHDH	8.1e-08	4.0	41.3	-3.35
PLSCR4	4.4e-11	3.1	31.7	-3.35
MYZAP	2.4e-14	41.1	4.0	3.35
NALF2	8.6e-10	21.6	2.1	3.35
SYNDIG1	5.8e-07	1.0	10.2	-3.35
MUC20	1.7e-11	696.4	68.6	3.34
EVA1C	5.1e-09	2.3	22.8	-3.34
SERPINE2	4.7e-06	5.9	59.6	-3.34
NRG2	5.1e-09	10.0	1.0	3.33
CKMT1B	q<=1.7e-18	21.1	2.1	3.33
PLEKHH2	1.9e-07	1.9	19.0	-3.33
ERRFI1	9.3e-06	12.3	123.5	-3.33
RAB29	1.5e-08	6.5	65.8	-3.33
STAC2	9.3e-13	136.2	13.5	3.33
LINC01159	1.2e-06	4.8	48.2	-3.33
KIT	1.4e-13	280.6	28.1	3.32
CCDC74A	1.4e-11	1.5	14.5	-3.31
LEPR	9.2e-08	2.5	24.6	-3.31
TMEM38A	3.0e-18	236.7	23.9	3.31
TFPI	2.8e-14	6.8	66.7	-3.30
FREM2	6.4e-07	1.0	9.9	-3.30
MAPK15	2.2e-09	1.0	9.8	-3.30
DUSP15	q<=1.7e-18	424.0	42.9	3.30
SUGCT	3.3e-05	1.9	18.5	-3.30
ERP27	6.0e-12	715.4	72.8	3.30
ODAD3	1.1e-16	65.0	6.6	3.30
ARID5B	3.4e-07	4.0	38.8	-3.29
PEG10	6.3e-10	1.9	18.8	-3.29
SPOCK2	4.1e-05	10.8	105.0	-3.28
CNNM3-DT	1.6e-11	1.0	9.7	-3.27
COLEC11	2.8e-04	1.7	16.3	-3.27
GAS1	4.4e-04	1.4	13.7	-3.27
LINC02274	7.2e-04	1.0	9.6	-3.26
CPM	2.9e-10	5.4	52.2	-3.26
PDLIM2	1.6e-05	2.7	25.9	-3.26
GABRB3	4.1e-04	1.0	9.5	-3.25
HNF4A	5.6e-04	1.0	9.5	-3.25
SLC35F3	8.1e-10	9.5	1.0	3.25
PIK3CD-AS2	6.3e-10	1.0	9.5	-3.25
STON2	8.4e-10	1.0	9.5	-3.25
ADAMTSL1	5.2e-08	54.6	5.7	3.25
IL18	3.6e-13	320.2	33.7	3.25
EYA4	1.1e-05	1.0	9.5	-3.24
C6orf132	4.3e-06	1.4	13.1	-3.23
SMIM2-AS1	9.6e-05	2.4	22.8	-3.23
BCAS1	2.4e-04	1.0	9.4	-3.23
NCR3LG1	1.2e-16	19.8	2.1	3.22
SPTBN4	4.9e-14	9.3	1.0	3.22
SYT17	1.4e-17	94.5	10.1	3.22
REC8	1.8e-10	2.7	24.9	-3.22
PKIB	1.6e-13	31.2	3.3	3.22
TEK	5.0e-11	6.6	60.7	-3.21
TMEM130	1.2e-04	1.0	9.3	-3.21
E2F1	1.8e-09	13.2	1.4	3.21
COL4A6	6.6e-05	1.0	9.3	-3.21
PLCG2	2.8e-12	281.2	30.7	3.20
CA4	4.4e-05	2.8	25.6	-3.20
NPR1	8.2e-13	7.2	66.1	-3.20
EMCN	4.7e-10	11.2	103.1	-3.20
PTGIS	2.9e-05	1.0	9.1	-3.19
GALNT6	1.1e-07	1.2	10.8	-3.19
GPBAR1	1.0e-03	1.0	9.1	-3.19
PAPSS2	1.3e-12	4.7	43.3	-3.19
KIF26A	1.5e-05	1.0	9.1	-3.18
FAM124A	4.0e-10	1.0	9.1	-3.18
FAM107A	3.1e-07	10.3	93.1	-3.18
ST3GAL1	q<=1.7e-18	194.4	21.6	3.17
GLTPD2	7.8e-04	1.0	9.0	-3.17
UNC5CL	1.8e-04	1.2	10.6	-3.17
PAPPA	4.7e-06	1.0	9.0	-3.17
LOC101927418	1.0e-10	9.0	1.0	3.17
FBLN2	1.6e-05	5.7	51.5	-3.16
UPP2	9.4e-04	1.0	8.9	-3.16
ST8SIA5	1.9e-11	8.8	1.0	3.15
FAM174B	2.2e-12	112.6	12.7	3.15
SYNE1	5.3e-08	2.9	25.8	-3.14
ANG	5.8e-07	1.0	8.8	-3.14
DZIP1L	1.2e-08	1.0	8.8	-3.14
ERICH5	6.5e-06	1.0	8.8	-3.14
S100A4	1.3e-04	64.4	566.5	-3.14
LINC01659	2.5e-05	1.0	8.8	-3.13
APOD	7.0e-06	7.7	67.8	-3.13
AJUBA	3.4e-09	5.2	45.5	-3.12
THBS1	4.5e-05	18.7	162.3	-3.12
SLC22A3	1.3e-04	1.0	8.7	-3.12
EYA2	9.0e-05	1.0	8.7	-3.12
BMP4	2.4e-06	2.6	22.7	-3.12
LGALS3	q<=1.7e-18	2674.3	310.5	3.11
GFAP	5.6e-09	8.6	1.0	3.11
TRO	6.6e-14	1.8	15.9	-3.11
MYOZ1	2.2e-09	1.0	8.6	-3.10
CTXN3	9.7e-04	1.0	8.5	-3.10
GCOM1	2.2e-10	24.0	2.8	3.10
FXYD4	5.4e-05	110.2	938.8	-3.09
ATOH8	8.9e-07	1.4	11.5	-3.09
CACNA2D3	1.7e-08	1.0	8.5	-3.09
CCL28	1.2e-05	2.5	21.1	-3.09
SCGB1D2	1.3e-04	2.9	24.9	-3.09
TTR	3.8e-04	57.3	6.7	3.09
WNT10A	3.3e-05	1.0	8.4	-3.08
ETNK2	8.1e-06	3.5	29.3	-3.08
SMAD9	3.4e-07	1.0	8.6	-3.08
AJAP1	6.7e-06	1.0	8.5	-3.08
LRRC2	1.8e-06	1.4	11.7	-3.08
SERPING1	1.2e-07	66.9	566.4	-3.08
GSDME	7.8e-09	3.6	30.2	-3.08
UBE2C	1.0e-04	19.2	2.3	3.08
C6orf52	1.1e-07	1.1	9.4	-3.08
PRKCQ-AS1	4.4e-06	2.2	18.8	-3.08
ZNF608	1.1e-08	1.1	9.3	-3.07
FAM245A	5.7e-07	1.0	8.4	-3.07
MYRF	6.1e-07	2.0	16.6	-3.06
UPP1	2.4e-12	397.6	47.5	3.06
MATN2	2.0e-06	7.7	64.8	-3.06
PTGER2	1.4e-05	1.0	8.4	-3.06
ZNF711	1.2e-09	1.0	8.3	-3.06
TCEAL7	2.1e-09	1.3	11.2	-3.06
TBC1D14	2.6e-16	279.9	33.5	3.06
BAIAP2L2	1.4e-04	1.1	9.0	-3.05
TNNC1	2.5e-07	3.6	29.8	-3.05
TNFRSF19	1.0e-06	2.7	22.6	-3.05
EPHA7	7.2e-04	1.0	8.3	-3.04
LINC02478	1.3e-04	1.0	8.2	-3.04
ABI3BP	8.0e-06	3.0	24.4	-3.04
VANGL2	1.1e-07	1.0	8.2	-3.04
GPER1	1.8e-05	2.5	20.4	-3.03
C5orf38	3.9e-07	1.0	8.2	-3.03
DYNLRB2	4.8e-12	1.0	8.2	-3.03
TNFRSF11B	4.5e-04	11.5	94.4	-3.03
MEIS2	2.1e-08	1.7	13.9	-3.03
FGF2	8.1e-06	1.3	10.7	-3.02
ALKAL2	7.5e-04	1.0	8.1	-3.02
LRRN4	1.8e-04	1.0	8.1	-3.02
TFF3	4.7e-05	3.4	27.5	-3.02
KIAA0895	2.5e-14	1.8	14.5	-3.02
NRG3	5.7e-08	8.1	1.0	3.01
REPS2	3.7e-09	1.5	12.3	-3.01
ABCC3	2.7e-04	1.7	13.7	-3.01
CDKN1C	2.7e-07	14.7	118.3	-3.01
DTX4	1.4e-06	1.1	8.5	-3.01
CDKN2A	9.0e-07	8.0	1.0	3.00
CLDN3	3.4e-06	14.3	114.1	-3.00
CCDC68	4.3e-08	22.4	2.8	3.00
RHBG	1.3e-14	240.5	30.2	3.00
MAPK10	q<=1.7e-18	1.6	13.1	-3.00
DNM3	5.5e-08	1.0	8.0	-3.00
PNMA8A	4.8e-08	4.6	36.3	-2.99
DMGDH	6.5e-07	10.0	79.3	-2.99
SEMA4A	9.6e-07	7.3	58.3	-2.99
LINC01503	5.5e-06	8.6	68.2	-2.98
LINC01697	2.8e-06	1.0	7.9	-2.98
ZFP36	9.3e-06	77.7	613.3	-2.98
INPP5J	3.2e-18	661.2	84.0	2.98
CCDC148	5.0e-13	1.0	7.9	-2.98
GALNT18	2.2e-09	11.5	91.0	-2.98
PKIA	8.5e-13	73.1	9.3	2.98
SLC16A11	7.3e-12	74.6	9.5	2.97
CASC2	1.2e-14	1.1	8.4	-2.97
DNAJC22	2.0e-09	1.5	11.7	-2.97
HMGCS2	2.1e-04	33.8	265.0	-2.97
SELP	6.0e-10	2.8	21.5	-2.97
TMEM200A	3.4e-04	1.0	7.8	-2.96
CLSTN2	1.2e-04	1.0	7.8	-2.96
TREM2	8.8e-05	18.1	2.3	2.95
LINC01550	4.2e-11	1.0	7.7	-2.95
CLIC4	1.0e-11	35.2	272.8	-2.95
PON3	1.4e-06	1.0	7.7	-2.95
GSTT2B	5.2e-04	1.5	11.3	-2.95
CCDC74B	1.9e-09	1.0	7.7	-2.95
GRAMD2A	4.2e-08	1.2	9.5	-2.95
TRIM6	4.3e-04	1.0	7.7	-2.94
NECTIN4	1.5e-07	1.0	7.7	-2.94
IRX6	7.3e-04	1.0	7.6	-2.93
CCDC30	q<=1.7e-18	1.0	7.6	-2.92
ADORA1	2.1e-04	1.0	7.6	-2.92
TESC	2.4e-04	6.1	45.8	-2.91
KIF21A	5.5e-16	145.9	19.6	2.90
OR1L8	1.1e-06	7.5	1.0	2.90
PIH1D2	9.8e-15	1.3	9.7	-2.90
DNALI1	1.3e-17	5.9	44.1	-2.89
GPSM2	2.4e-12	16.6	2.3	2.89
DOC2B	4.5e-07	2.1	15.5	-2.89
NDN	1.0e-08	4.5	33.3	-2.89
MMP28	2.6e-06	1.0	7.5	-2.89
ROBO3	2.9e-06	1.9	14.4	-2.89
NTN4	1.6e-08	40.4	299.9	-2.89
STC1	1.6e-04	15.8	117.3	-2.89
FOS	9.1e-05	68.2	501.9	-2.88
FHL1	1.3e-05	15.3	112.4	-2.88
AMPH	4.3e-05	1.0	7.4	-2.88
GPNMB	1.9e-08	735.8	99.6	2.88
ABCC6	8.5e-05	1.5	10.9	-2.88
APCDD1L-DT	3.1e-06	1.0	7.3	-2.87
TMEM246-AS1	6.4e-04	1.0	7.3	-2.87
LINC01976	3.8e-05	1.0	7.3	-2.87
RAB27B	3.7e-09	7.3	1.0	2.87
CPE	1.4e-06	27.6	201.6	-2.87
FGF7	3.1e-10	26.9	3.7	2.87
ALDH3B1	5.7e-04	4.2	30.3	-2.86
PROSER2	2.8e-08	3.4	24.8	-2.86
PYROXD2	3.6e-07	1.6	11.9	-2.86
NME5	6.9e-17	5.2	37.3	-2.85
ID4	3.2e-07	6.5	46.7	-2.85
CPED1	2.7e-05	1.4	10.0	-2.85
CCDC88C	2.8e-09	1.5	10.9	-2.84
AK7	4.9e-11	1.5	11.0	-2.84
MXRA5	5.2e-04	3.3	23.8	-2.84
KLHL3	8.4e-16	54.8	7.7	2.84
SHOC1	1.0e-04	12.8	1.8	2.84
LOC101928596	3.4e-05	1.0	7.2	-2.84
NKX6-1	4.2e-07	7.2	1.0	2.84
LY6E	4.7e-07	26.6	189.4	-2.83
LTBP1	1.6e-04	7.3	52.1	-2.83
CKMT2	1.5e-16	267.6	37.6	2.83
KCNJ11	4.6e-15	35.4	5.0	2.83
CHRD	4.9e-07	1.0	7.1	-2.83
SPARCL1	1.2e-08	1115.3	157.5	2.82
BST1	7.2e-06	1.2	8.8	-2.82
CRYL1	5.0e-07	100.6	703.0	-2.81
SYTL2	8.0e-09	8.6	60.2	-2.81
ATP6V1G3	6.6e-11	368.1	52.6	2.81
CFI	2.3e-06	2.3	16.1	-2.81
GALNT15	2.1e-04	4.3	30.2	-2.81
DACT2	6.0e-07	1.0	7.0	-2.81
POF1B	8.6e-06	1.0	7.0	-2.81
C1orf115	3.6e-13	15.0	105.5	-2.81
ZNF300	6.7e-09	1.1	7.3	-2.80
KNDC1	2.4e-08	10.0	1.4	2.80
HSD11B1	6.4e-04	1.4	9.9	-2.80
PHKA1	q<=1.7e-18	35.4	5.1	2.80
EHD3	6.5e-05	2.9	19.9	-2.80
RBP2	7.5e-04	1.0	6.9	-2.80
NR2F1	3.5e-05	4.5	31.2	-2.80
NCKAP5-AS2	8.3e-14	32.0	4.6	2.79
NXNL2	2.6e-05	1.0	6.9	-2.79
SAPCD2	3.5e-12	7.2	1.0	2.79
MMP24	1.6e-11	54.4	7.9	2.79
FOXA3	1.1e-05	1.0	6.9	-2.79
CCDC28B	5.0e-05	71.2	10.3	2.79
NAP1L3	7.3e-12	1.0	6.9	-2.78
NOTCH2	5.0e-07	4.7	32.0	-2.78
CCDC78	7.6e-07	13.5	2.0	2.78
LINC02893	1.8e-04	1.0	6.9	-2.78
CENPM	5.2e-09	18.5	2.7	2.78
WFDC1	4.5e-07	3.0	20.2	-2.76
AGPAT4	1.3e-07	1.0	6.8	-2.76
SMIM3	1.5e-05	11.4	76.9	-2.76
CDNF	2.3e-11	1.0	6.8	-2.76
GALNT3	4.8e-09	4.8	32.1	-2.75
HAAO	4.2e-04	7.0	47.0	-2.75
PYY	2.1e-04	6.7	1.0	2.75
CD109	3.9e-05	1.4	9.1	-2.74
MIR1915HG	1.5e-08	1.0	6.7	-2.74
PTGER4	1.1e-06	2.8	18.8	-2.74
EMP1	4.6e-04	12.2	81.5	-2.74
OVOL2	2.6e-08	1.0	6.7	-2.74
CDT1	9.1e-08	7.6	1.1	2.74
SARDH	1.4e-04	1.6	10.7	-2.74
TLR5	1.2e-06	1.7	11.3	-2.73
STK32A	3.0e-13	32.5	4.9	2.73
PLA2G4F	4.2e-18	145.2	21.8	2.73
SLC4A7	6.3e-05	2.8	18.5	-2.73
CP	4.6e-05	1.0	6.6	-2.72
PRKX	1.2e-06	5.5	36.1	-2.72
GALNT9	1.0e-04	1.8	11.6	-2.72
RASD2	1.8e-07	6.6	1.0	2.72
SLC5A8	1.1e-05	1.0	6.6	-2.72
LINC00239	1.1e-11	7.5	1.1	2.72
MAML2	3.3e-09	2.9	19.1	-2.71
GUCY1A1	1.3e-09	2.1	13.6	-2.71
NINJ2	1.0e-09	13.4	2.1	2.71
ACSM5	4.1e-04	1.0	6.5	-2.71
GABRA2	4.3e-07	1.0	6.5	-2.70
C7orf57	1.9e-07	6.5	1.0	2.70
EGR1	4.7e-04	73.4	476.4	-2.70
NR2F1-AS1	5.1e-08	1.7	11.1	-2.70
LIPC	1.5e-10	3.2	20.6	-2.70
UPK1B	3.5e-04	1.0	6.5	-2.70
ASTN2	1.2e-11	51.4	8.0	2.69
NGFR	2.6e-07	31.7	4.9	2.69
PKDCC	2.1e-11	93.4	14.5	2.69
STK32B	6.4e-05	4.6	29.6	-2.69
FRMD4B	7.1e-12	2.8	18.4	-2.69
PCDH9	7.7e-04	1.0	6.5	-2.69
ASB5	7.9e-06	6.5	1.0	2.69
KBTBD12	1.5e-10	14.3	2.2	2.69
S1PR3	9.9e-05	5.2	33.3	-2.68
GAL3ST3	8.2e-05	1.0	6.4	-2.68
UBE2QL1	8.8e-13	41.1	6.4	2.68
KCNS3	2.1e-06	2.2	13.9	-2.68
MRC2	3.3e-04	4.3	27.4	-2.68
LIN7A	3.2e-16	92.9	14.6	2.67
CACNA1H	1.8e-04	3.2	20.0	-2.67
CLUL1	1.2e-05	1.1	7.1	-2.67
DOCK10	2.1e-11	25.1	3.9	2.67
SEMA3G	4.5e-07	8.9	56.6	-2.67
DNAJC12	8.6e-04	1.0	6.3	-2.67
CDO1	2.3e-07	1.0	6.4	-2.67
PRKCD	2.6e-16	336.7	53.2	2.66
CFH	2.0e-04	5.8	36.4	-2.66
FAM149A	7.8e-14	6.8	42.6	-2.66
EPCAM-DT	8.9e-08	1.0	6.5	-2.66
NPHP4	4.4e-11	1.3	8.2	-2.66
LINC02027	2.8e-04	1.0	6.3	-2.65
PTGDS	1.0e-03	1.0	6.3	-2.65
NBL1	1.4e-05	11.6	72.6	-2.65
SGIP1	4.3e-08	1.0	6.2	-2.64
PLAAT5	1.4e-08	6.2	1.0	2.64
NRIP3	1.3e-06	10.2	1.6	2.64
IQCD	2.5e-08	1.8	10.9	-2.64
FRZB	8.2e-07	5.1	31.6	-2.64
CELF5	2.5e-12	6.2	1.0	2.63
SLC66A1L	4.2e-04	1.0	6.2	-2.63
COCH	1.2e-06	6.2	1.0	2.63
FBXO15	1.3e-13	1.0	6.2	-2.63
ENTPD8	2.8e-04	1.0	6.2	-2.63
BNC2-AS1	3.8e-11	1.0	6.1	-2.62
TAGLN	1.8e-04	23.6	144.7	-2.62
PACRG	1.7e-14	132.8	21.6	2.62
GDF3	2.0e-05	1.0	6.2	-2.62
LPL	7.2e-04	9.4	57.7	-2.62
PRR15	6.2e-05	10.4	63.9	-2.62
SMPDL3B	3.7e-06	1.0	6.1	-2.62
LETR1	4.0e-09	1.6	9.6	-2.61
C5	1.1e-08	1.0	6.4	-2.61
SMOC2	5.2e-05	4.7	28.7	-2.61
SGK1	8.2e-07	33.1	202.1	-2.61
TPM4	3.2e-09	79.9	488.4	-2.61
ADGRF3	8.5e-05	1.3	8.2	-2.61
ADCY1	1.6e-07	18.1	3.0	2.61
CREB3L1	1.4e-08	44.9	7.3	2.61
DENND2A	3.6e-06	3.8	23.0	-2.60
SEMA3C	2.1e-11	127.9	21.1	2.60
SLITRK4	5.5e-05	1.0	6.1	-2.60
PODXL	4.4e-04	31.5	191.0	-2.60
NHSL1	9.9e-07	2.2	13.5	-2.60
SLC45A1	7.6e-06	1.2	7.5	-2.60
FMO4	3.5e-05	5.3	31.8	-2.59
NCOA7-AS1	4.5e-09	6.0	1.0	2.59
PALS2	4.0e-14	1.0	6.0	-2.59
PHLDB1	2.8e-09	9.6	57.8	-2.59
PDE1C	2.3e-10	27.1	4.5	2.59
IFT88	q<=1.7e-18	5.9	35.4	-2.59
WDR31	2.3e-10	1.4	8.3	-2.58
FAM89A	2.1e-07	3.4	20.1	-2.58
IDNK	1.2e-05	7.2	42.9	-2.58
ATP10A	7.3e-04	1.0	6.0	-2.58
RGS16	2.2e-07	105.4	17.7	2.58
LINC01117	1.5e-11	1.3	7.8	-2.58
THY1	2.6e-08	22.4	133.9	-2.58
PLEK2	3.5e-18	149.1	25.0	2.58
WDR54	q<=1.7e-18	7.4	44.5	-2.58
ZC3HAV1L	1.2e-07	1.1	6.3	-2.57
RCOR2	3.7e-16	5.9	1.0	2.57
CPNE8	2.5e-05	3.0	17.6	-2.57
BCO2	9.5e-11	9.7	1.6	2.56
IER3	4.3e-05	18.8	110.9	-2.56
PPP1R14A	4.2e-06	13.3	78.8	-2.56
NRGN	1.9e-09	3.9	23.3	-2.56
VIL1	4.4e-04	1.0	5.9	-2.56
C1QTNF7	2.7e-07	1.0	5.9	-2.56
ANKRD29	1.0e-16	49.2	8.4	2.56
RPRM	3.7e-05	1.0	5.9	-2.56
LEF1-AS1	6.3e-09	5.8	1.0	2.55
RASL11A	2.0e-10	6.8	39.6	-2.55
FRMD4A	6.0e-08	2.1	12.3	-2.55
SYNPO2	1.0e-03	3.5	20.2	-2.55
TMEM139	1.1e-08	4.1	24.1	-2.54
STARD13	4.6e-09	3.4	19.8	-2.54
OLIG1	9.9e-10	33.6	5.8	2.54
LOC728392	1.5e-07	1.0	5.8	-2.54
TGFBR3	5.2e-07	7.4	42.8	-2.54
CELSR1	8.7e-08	4.1	23.9	-2.54
ZDHHC23	3.2e-18	43.5	7.5	2.54
PPP1R16B	1.4e-05	1.9	11.2	-2.54
SYT13	2.1e-13	136.7	23.4	2.54
CATIP	1.1e-12	1.0	5.8	-2.53
NPY5R	1.3e-07	1.0	5.8	-2.53
CCBE1	1.0e-11	17.6	3.0	2.53
TREH	8.5e-04	1.0	5.8	-2.53
SNTB1	2.9e-15	136.5	23.6	2.53
HBEGF	8.0e-04	9.9	56.9	-2.52
MORN2	6.3e-14	16.8	96.3	-2.52
PLPPR1	3.1e-04	5.2	29.6	-2.52
RASSF9	6.3e-08	1.0	5.7	-2.52
LHPP	9.8e-09	12.0	68.9	-2.52
BTG2	4.4e-05	60.9	349.4	-2.52
AGTR1	5.5e-04	2.0	11.6	-2.52
CAMK2B	5.1e-10	12.0	2.1	2.52
OLMALINC	9.6e-12	108.1	18.8	2.52
CYP39A1	9.4e-05	2.6	15.1	-2.51
FHDC1	1.4e-14	28.2	5.0	2.51
FBLIM1	8.6e-07	10.6	60.1	-2.51
RHOB	3.0e-07	115.0	655.8	-2.51
SLC4A5	2.0e-11	5.7	1.0	2.51
DHRS7	2.6e-17	804.1	140.9	2.51
TEKT2	1.1e-10	1.0	5.7	-2.50
ITGB8	2.3e-06	6.7	37.6	-2.50
FAM184A	4.9e-06	1.3	7.6	-2.50
FHL5	7.8e-06	1.0	5.7	-2.50
NOSTRIN	1.8e-11	6.8	38.3	-2.50
F2RL1	2.4e-11	14.5	82.5	-2.50
IER5L	5.8e-07	3.7	20.8	-2.50
EDIL3	1.7e-07	5.0	28.3	-2.49
LINC00271	7.3e-12	1.8	9.9	-2.49
PSG4	1.7e-04	9.2	1.6	2.49
NET1	9.6e-13	8.1	45.6	-2.49
LINC02361	1.9e-06	1.0	5.8	-2.49
CENPV	2.1e-11	4.0	22.3	-2.48
FBP1	2.7e-04	18.8	104.9	-2.48
TMEM98	3.4e-06	4.7	26.5	-2.48
CLEC18B	2.3e-04	1.0	5.6	-2.48
MDH1B	2.6e-12	1.0	5.6	-2.48
PLAAT4	1.6e-14	855.5	153.2	2.48
FMO5	2.0e-06	7.9	44.1	-2.48
SPAAR	5.6e-06	2.4	13.5	-2.48
TRPM3	7.2e-04	1.0	5.6	-2.48
HES1	5.6e-09	31.2	172.6	-2.47
TNFSF10	1.2e-05	36.1	199.7	-2.47
TRAM1L1	2.1e-07	3.7	20.2	-2.47
AMPD3	3.8e-18	83.2	15.0	2.47
ABHD3	1.4e-16	141.7	25.6	2.47
ECM2	3.6e-05	3.2	17.5	-2.46
TTC22	3.4e-11	3.3	18.0	-2.46
SLC26A7	2.6e-07	287.1	52.2	2.46
FA2H	1.7e-14	86.9	15.8	2.46
TRPV6	1.1e-06	2.8	15.1	-2.46
CERCAM	9.3e-08	10.6	58.2	-2.45
ITGA8	8.0e-06	2.5	13.5	-2.45
PCDHB4	7.2e-08	1.0	5.5	-2.45
ZNF883	4.4e-08	1.0	5.5	-2.45
TNNC2	2.1e-05	9.8	1.8	2.45
IL17RB	4.0e-05	5.5	30.1	-2.45
LBR	3.3e-11	6.7	36.5	-2.45
CNKSR3	1.7e-08	4.3	23.4	-2.45
SLC29A4	5.0e-09	36.9	6.7	2.45
TNKS2-AS1	1.4e-05	1.0	5.4	-2.44
ST6GALNAC3	6.6e-05	1.1	5.7	-2.44
CFAP36	q<=1.7e-18	23.7	128.4	-2.44
CC2D2A	q<=1.7e-18	4.8	26.4	-2.44
FRMD3	1.3e-11	6.6	35.9	-2.44
CDC37L1-DT	5.1e-09	2.8	15.2	-2.44
NYNRIN	8.3e-06	3.0	16.2	-2.44
HIP1	5.1e-07	8.6	46.3	-2.44
PPIL6	4.7e-14	1.2	6.6	-2.44
RNF144B	3.2e-07	8.1	43.5	-2.43
LINC00853	6.6e-05	1.0	5.4	-2.43
ZMYND10	1.7e-10	1.0	5.4	-2.43
PIFO	6.9e-13	2.8	15.2	-2.43
CFAP53	1.4e-13	1.1	6.2	-2.43
PLS1	1.6e-12	5.8	31.2	-2.43
ZMYND12	7.3e-10	3.7	19.8	-2.43
CDCP1	8.1e-10	59.7	11.2	2.42
F11-AS1	2.5e-06	1.0	5.4	-2.42
TSPAN1	1.9e-08	111.6	598.3	-2.42
TRIL	1.6e-06	2.6	14.0	-2.41
STIM1	q<=1.7e-18	231.9	43.5	2.41
NUDT4	2.6e-06	9.5	50.4	-2.41
FGF14	5.4e-06	5.3	1.0	2.41
PKLR	1.0e-03	1.0	5.3	-2.41
ICAM5	3.0e-08	5.3	1.0	2.41
CERKL	1.7e-10	1.0	5.3	-2.41
C1GALT1C1L	1.1e-06	1.0	5.3	-2.41
SPNS3	3.7e-08	1.0	5.3	-2.41
CLDN10-AS1	2.4e-06	1.0	5.3	-2.40
FKBP1B	1.7e-10	1.0	5.3	-2.40
RASD1	4.9e-05	72.8	385.0	-2.40
LAMC3	1.9e-04	2.2	11.7	-2.40
BCAS4	q<=1.7e-18	170.2	32.3	2.40
ARHGAP29	1.8e-10	10.8	57.0	-2.40
ST6GALNAC2	6.9e-06	1.6	8.5	-2.40
MAP1B	6.6e-09	36.9	7.1	2.39
SIRPA	2.9e-08	8.2	43.0	-2.39
SEZ6L	1.2e-04	5.2	1.0	2.39
CHODL	2.5e-04	1.0	5.3	-2.39
PCSK6	1.3e-05	1.3	6.8	-2.39
CFAP70	6.4e-08	1.0	5.4	-2.39
MYLK	9.3e-08	11.8	61.7	-2.39
HOXC10	6.3e-12	11.6	60.1	-2.38
AK8	9.2e-15	1.5	7.7	-2.38
LMCD1	1.0e-05	3.4	18.0	-2.38
RADX	2.6e-10	1.0	5.2	-2.38
ABAT	3.6e-04	6.7	35.0	-2.38
RAB26	2.3e-10	9.3	1.8	2.38
RGS2	4.0e-05	22.0	115.0	-2.38
CFAP300	1.2e-05	1.0	5.2	-2.38
MFAP3L	3.8e-05	11.5	59.5	-2.37
P3H2-AS1	9.8e-07	1.0	5.2	-2.37
KLHL29	5.8e-07	1.0	5.2	-2.37
TMEM47	3.3e-07	12.5	64.3	-2.37
PPL	2.0e-05	9.6	49.4	-2.37
CORO7	5.9e-14	18.5	3.6	2.36
MIR3189	2.3e-06	4.5	23.1	-2.36
CRYZ	1.0e-11	84.5	434.6	-2.36
CELSR2	1.9e-07	5.8	30.0	-2.36
ALPL	3.5e-04	7.8	40.2	-2.36
MYO3B	1.5e-06	3.7	18.9	-2.36
SLC4A8	3.7e-04	1.0	5.1	-2.35
PTPN13	2.1e-09	9.6	48.9	-2.35
PABPC4L	1.1e-15	8.7	1.7	2.35
JAM2	4.3e-06	4.4	22.6	-2.35
LGMN	4.9e-15	738.1	144.3	2.35
LINC01780	1.9e-06	1.0	5.1	-2.35
EFHC1	1.1e-11	1.5	7.8	-2.35
HGF	1.6e-04	1.9	9.9	-2.35
TMEM200B	8.6e-04	1.0	5.1	-2.35
RBKS	2.6e-11	8.3	42.2	-2.34
NEBL-AS1	3.9e-06	2.2	11.2	-2.34
RGS9	2.6e-14	1.0	5.2	-2.34
ANKRD65	1.6e-08	2.1	10.6	-2.34
TMTC2	4.0e-09	4.6	23.1	-2.34
PMP22	3.5e-07	15.2	76.2	-2.33
B9D1	5.9e-14	7.1	35.6	-2.33
CPVL	2.4e-09	41.6	208.8	-2.33
GADD45G	2.7e-10	228.5	45.6	2.32
FAM83F	5.7e-18	14.8	3.0	2.32
NXN	4.7e-08	5.8	28.7	-2.32
DIRAS3	6.3e-04	2.2	11.0	-2.32
MYL9	1.6e-06	51.5	256.9	-2.32
NUPR1	5.5e-11	198.5	39.8	2.32
COLCA2	7.8e-16	51.1	10.2	2.32
BACE2	2.2e-15	215.6	43.5	2.31
C1QTNF3	1.7e-06	1.0	5.0	-2.31
S100A16	1.3e-09	39.2	193.9	-2.31
SIX1	1.7e-07	5.0	1.0	2.31
PCDHB5	1.8e-05	1.7	8.3	-2.31
SOX13	1.9e-09	8.7	43.0	-2.31
PRRT1	1.9e-06	1.1	5.7	-2.31
HIF3A	7.4e-04	1.0	4.9	-2.31
MGAT4A	6.1e-13	9.8	48.3	-2.31
DUSP26	3.8e-04	1.0	5.0	-2.31
FAM229B	5.7e-14	5.3	25.9	-2.30
STXBP6	8.6e-06	30.0	6.1	2.30
LINC01589	2.4e-04	1.0	4.9	-2.30
IL1R1	1.7e-07	9.9	48.4	-2.30
TNNI1	8.4e-05	1.0	4.9	-2.30
LRRC8C-DT	8.0e-10	1.9	9.1	-2.30
SPEF1	3.0e-11	1.0	4.9	-2.29
CCRL2	1.2e-06	23.3	4.8	2.29
MIR616	1.6e-12	7.0	1.4	2.29
DAGLA	5.7e-04	1.0	4.9	-2.29
HOXA2	1.3e-05	1.0	4.9	-2.29
PRLR	5.0e-08	62.3	12.7	2.29
ATP6V0A4	5.7e-14	884.1	181.1	2.29
STON1	1.0e-08	2.3	11.2	-2.28
TPRG1	2.8e-06	4.9	1.0	2.28
EPHA2	4.0e-05	10.9	52.9	-2.28
LINC00323	9.6e-07	18.9	3.9	2.28
CRIP2	2.6e-10	100.6	489.3	-2.28
TM4SF1	1.8e-08	61.4	298.8	-2.28
PHGDH	1.0e-04	26.2	127.2	-2.28
GSDMC	1.4e-05	4.8	1.0	2.28
EPHB4	3.7e-10	13.3	63.9	-2.27
SATB2	2.3e-09	1.5	7.1	-2.27
CYP26B1	3.2e-04	1.8	8.4	-2.27
CCDC146	1.3e-04	2.9	14.0	-2.27
VGLL3	1.4e-06	1.0	4.8	-2.26
SLIT2	2.4e-08	50.7	10.5	2.26
PXK	1.1e-12	180.3	37.7	2.26
OGDHL	1.0e-16	881.8	184.3	2.26
SH3BGRL2	1.6e-09	7.2	34.4	-2.26
MOK	6.8e-08	3.8	18.1	-2.26
CLIP3	1.5e-04	2.7	13.0	-2.26
FLVCR1-DT	2.3e-06	2.4	11.5	-2.25
SPA17	3.1e-16	1.0	4.7	-2.25
LOC105375304	5.7e-07	4.6	21.9	-2.25
PLAGL2	2.3e-14	40.2	8.4	2.25
FAM171A1	1.2e-06	17.0	80.7	-2.25
TMEM169	4.4e-06	1.0	4.7	-2.25
ABHD2	4.4e-13	224.0	47.1	2.25
HHATL	7.9e-04	4.7	1.0	2.25
HNF1B	1.5e-10	37.5	177.8	-2.25
PDLIM3	1.9e-05	2.8	13.1	-2.25
VSIG2	8.9e-07	36.0	7.6	2.25
SHROOM4	1.1e-09	2.2	10.4	-2.25
CTSV	6.4e-04	1.0	4.8	-2.25
DDAH1	4.7e-13	39.9	190.5	-2.25
SSBP2	7.7e-11	1.7	8.1	-2.25
