Gene	FDRAdjustedP-value	CancerSampleMed	NormalSampleMed	|log2FC|
PCA3	q<=4.9e-19	176.3	3.0	5.88
DLX1	1.3e-18	36.1	1.0	5.18
HOXC6	2.4e-10	13.5	1.0	3.75
AMACR	q<=4.9e-19	17.3	1.5	3.52
SCGB1A1	7.6e-04	3.5	40.2	-3.52
ACSM1	q<=4.9e-19	72.2	7.2	3.33
ACTC1	5.6e-04	8.5	77.8	-3.19
LGR6	5.8e-08	1.3	11.9	-3.16
GPX2	2.6e-04	3.7	30.8	-3.04
CA14	2.0e-07	1.5	11.8	-2.97
GAL	4.9e-05	7.8	1.0	2.97
SLC2A5	1.5e-06	3.4	26.1	-2.95
OR51E2	q<=4.9e-19	418.8	55.4	2.92
KCNJ3	3.7e-05	1.2	8.8	-2.88
CCK	1.6e-04	4.2	30.7	-2.88
DPYS	1.4e-04	1.2	8.9	-2.85
TBX4	1.0e-04	1.0	7.2	-2.85
PENK	2.3e-05	2.3	16.5	-2.85
PHGR1	q<=4.9e-19	7.2	1.0	2.84
SBSPON	9.0e-06	3.2	22.4	-2.83
CD177	5.1e-04	19.4	136.8	-2.82
SLC14A1	4.8e-08	19.9	139.7	-2.81
VSNL1	1.8e-09	1.3	9.4	-2.80
CERNA2	3.9e-06	1.0	7.3	-2.80
COMP	1.3e-10	29.7	4.3	2.78
CPNE6	4.3e-06	1.5	10.2	-2.77
WIF1	1.7e-05	1.9	12.9	-2.76
CPA6	1.5e-07	2.2	15.0	-2.75
PCP4L1	6.0e-07	2.9	18.6	-2.66
SIM2	q<=4.9e-19	50.0	8.0	2.64
C2orf88	6.1e-09	1.7	10.5	-2.63
HPN	q<=4.9e-19	291.5	47.5	2.62
SNORD14E	4.1e-07	6.2	1.0	2.62
AOX1	1.1e-10	7.3	44.7	-2.61
CYP4B1	1.8e-07	7.4	44.2	-2.59
HOXC4	5.0e-16	6.0	1.0	2.59
CHP2	1.3e-05	1.0	5.8	-2.54
SLC39A2	7.9e-04	1.0	5.8	-2.52
SNORD88A	q<=4.9e-19	5.7	1.0	2.52
EDN3	4.6e-06	1.1	6.0	-2.49
TP63	8.9e-14	8.7	48.2	-2.47
EVX2	5.8e-07	1.0	5.5	-2.47
HOXD13	8.4e-11	4.5	23.9	-2.41
ADAMTS9-AS1	2.2e-08	1.6	8.3	-2.41
APOF	q<=4.9e-19	9.2	1.8	2.39
KRT23	2.3e-08	6.8	35.6	-2.39
CHIT1	8.4e-09	5.2	1.0	2.38
TMEM252	9.7e-07	2.0	10.1	-2.37
COL17A1	3.3e-11	7.3	37.7	-2.37
MIR3189	1.2e-09	24.9	4.8	2.37
SOSTDC1	8.8e-10	1.1	5.6	-2.36
APOBEC3C	2.2e-16	17.5	88.9	-2.34
SNHG25	q<=4.9e-19	18.5	3.6	2.34
S100A14	5.5e-07	7.1	35.8	-2.33
STAC	1.9e-05	2.8	14.1	-2.32
DUOXA1	1.5e-08	2.2	11.0	-2.31
KIAA1210	2.2e-06	1.8	8.9	-2.31
GLYATL1	5.1e-15	66.0	13.4	2.30
NKAIN1	7.2e-14	13.3	2.7	2.29
VTCN1	4.2e-05	1.8	8.7	-2.29
FOXP4-AS1	q<=4.9e-19	7.0	1.4	2.26
ASPA	1.5e-07	1.2	5.7	-2.25
GJB5	4.3e-06	2.0	9.3	-2.25
ADRA1D	5.5e-05	1.0	4.8	-2.25
SLC16A5	2.5e-14	6.3	29.8	-2.24
FABP5	1.6e-11	22.9	4.9	2.23
PCAT18	2.2e-10	4.7	1.0	2.23
MAL	8.2e-07	2.5	11.9	-2.23
CRABP2	7.7e-07	26.4	122.9	-2.22
UPK1A	6.5e-04	3.0	14.0	-2.22
EPHA10	q<=4.9e-19	5.8	1.2	2.21
COL4A6	1.3e-11	4.4	20.6	-2.21
MMP9	4.5e-06	6.1	1.3	2.20
BMP5	7.4e-04	1.0	4.6	-2.19
CGREF1	q<=4.9e-19	42.3	9.3	2.19
JPH4	2.7e-08	4.8	21.7	-2.19
PGM5-AS1	1.3e-07	14.4	65.4	-2.19
TMEM35A	2.5e-11	8.8	40.3	-2.19
ANGPT1	5.1e-11	5.8	26.4	-2.17
CAPN6	7.7e-05	2.6	11.8	-2.17
LDB3	2.9e-04	8.6	39.0	-2.17
PRR36	q<=4.9e-19	25.2	5.6	2.17
THBS4	2.6e-11	23.8	5.4	2.15
PAQR6	q<=4.9e-19	11.1	2.5	2.15
CD38	6.7e-06	12.4	54.4	-2.14
CPNE7	4.7e-06	4.4	1.0	2.14
NCAM1	1.1e-04	2.7	12.0	-2.14
PRDM8	1.2e-05	7.5	33.2	-2.14
LINC00668	2.1e-05	1.7	7.6	-2.13
ATP1A2	1.1e-06	9.2	40.1	-2.13
GATA5	1.9e-05	1.3	5.7	-2.13
PPARGC1A	6.7e-11	1.2	5.4	-2.13
KRT15	1.3e-05	86.5	376.0	-2.12
NYNRIN	1.3e-10	3.9	17.0	-2.11
SNCG	2.4e-09	21.1	90.8	-2.11
SNORA26	2.8e-17	4.3	1.0	2.11
DAB1	3.1e-04	1.2	5.1	-2.10
ABO	8.1e-04	1.4	6.0	-2.10
TDRD1	q<=4.9e-19	4.3	1.0	2.10
TNS4	7.0e-06	10.0	42.9	-2.10
PHYHIPL	3.3e-10	1.0	4.3	-2.10
TMEM178A	1.9e-07	35.3	8.3	2.09
ID4	8.1e-14	12.6	53.8	-2.09
IGSF1	3.0e-06	1.0	4.3	-2.09
KRT14	8.5e-05	24.4	103.1	-2.08
BNIPL	2.2e-07	2.6	11.0	-2.08
ADRA1A	2.5e-05	1.9	8.0	-2.08
LAMB3	2.4e-09	19.2	81.0	-2.08
DSC3	2.7e-06	4.4	18.5	-2.07
QPRT	2.7e-05	5.8	24.3	-2.07
GATA3	3.0e-07	5.7	23.9	-2.07
NEFH	1.6e-04	137.3	577.6	-2.07
ARHGEF38-IT1	q<=4.9e-19	4.2	1.0	2.06
KRT5	2.2e-09	120.8	500.9	-2.05
MS4A8	6.7e-04	23.1	5.6	2.05
MYLK	4.9e-08	98.6	406.7	-2.04
MYOCD	1.7e-09	3.5	14.3	-2.04
CCDC78	q<=4.9e-19	4.1	1.0	2.04
SNORD3A	2.3e-05	28.1	6.9	2.04
DNAH5	q<=4.9e-19	5.5	1.3	2.04
PLBD1-AS1	2.2e-11	4.3	17.6	-2.03
DPT	5.2e-05	2.9	11.8	-2.03
DUOX1	1.7e-08	4.1	16.8	-2.03
TRIM29	3.7e-07	43.0	174.9	-2.02
MASP1	8.2e-06	15.2	61.7	-2.02
SLITRK6	3.9e-07	2.5	10.0	-2.02
C8orf88	1.2e-09	1.6	6.7	-2.02
LMO3	5.4e-07	3.5	14.0	-2.02
CAPNS2	6.4e-04	1.0	4.0	-2.01
DRAIC	q<=4.9e-19	102.2	25.4	2.01
PLP1	9.1e-05	2.7	10.8	-2.01
LUZP2	1.1e-16	15.1	3.8	2.01
SNAI2	1.3e-07	9.7	39.0	-2.01
ALDH3A1	8.0e-09	1.0	4.0	-2.01
FOLR1	5.7e-05	1.4	5.4	-2.00
IP6K3	1.2e-04	1.2	4.7	-2.00
FAT2	1.1e-05	1.0	4.0	-1.99
SPON2	q<=4.9e-19	1062.2	268.2	1.99
MYBL2	3.1e-06	4.1	1.0	1.98
ACOX2	2.9e-15	5.9	23.1	-1.98
TMEM40	2.9e-04	1.2	4.6	-1.98
TBX5	1.9e-04	1.0	3.9	-1.98
KCNAB1	1.1e-06	5.5	21.6	-1.97
SRD5A2	8.3e-09	6.6	25.9	-1.97
GSTM3	3.3e-06	14.8	57.4	-1.96
FAM107A	7.1e-11	24.2	93.9	-1.96
GNAO1	1.0e-06	4.0	15.6	-1.96
GOLM1	q<=4.9e-19	1017.8	263.7	1.95
UBE2C	6.7e-06	11.2	2.9	1.95
L3MBTL4	8.8e-14	1.0	4.0	-1.95
KANK4	6.6e-07	1.0	3.9	-1.95
VPS9D1-AS1	q<=4.9e-19	10.9	2.8	1.94
FFAR2	1.1e-18	11.5	3.0	1.94
LINC00683	1.2e-10	1.3	4.9	-1.93
SNORD104	q<=4.9e-19	48.2	12.7	1.93
CNTFR	1.9e-06	2.1	7.9	-1.93
C16orf74	7.3e-11	2.6	10.1	-1.93
FNDC10	q<=4.9e-19	8.5	2.3	1.92
LINC01018	3.4e-09	1.0	4.0	-1.92
PCDH7	3.1e-10	4.9	18.5	-1.92
SYNPO2	2.6e-05	87.7	332.0	-1.92
UBXN10	6.0e-09	1.4	5.2	-1.91
MSMB	3.4e-04	4655.9	17435.4	-1.91
CTBP1-AS	q<=4.9e-19	3.7	1.0	1.89
CRYAB	2.1e-07	105.7	393.1	-1.89
TSLP	2.0e-06	1.4	5.2	-1.89
FGFR2	9.0e-17	14.3	53.1	-1.89
LINC00958	4.6e-06	1.0	3.7	-1.88
LSAMP	9.4e-06	8.0	29.5	-1.88
KLK15	2.0e-10	10.0	2.7	1.88
MATK	q<=4.9e-19	7.8	2.1	1.88
NEK5	q<=4.9e-19	4.5	1.2	1.88
VGLL1	4.6e-05	1.4	5.2	-1.87
PGM5	3.4e-07	65.5	239.6	-1.87
SNHG3	1.5e-18	29.3	8.0	1.87
APOC1	q<=4.9e-19	22.4	6.1	1.87
SLIT1	q<=4.9e-19	3.7	1.0	1.87
PPP1R1A	9.2e-06	2.5	9.0	-1.86
PCAT1	q<=4.9e-19	6.7	1.8	1.86
GSTP1	6.2e-08	234.6	854.0	-1.86
TIMP4	1.5e-04	2.6	9.2	-1.85
HAGHL	q<=4.9e-19	8.4	2.3	1.85
EFS	9.5e-12	16.0	57.2	-1.84
PDZRN4	3.6e-08	4.9	17.6	-1.84
ARHGAP20	2.1e-08	1.3	4.8	-1.84
TCEAL2	2.5e-10	16.9	60.7	-1.84
FOLH1	8.6e-11	323.8	91.3	1.83
MYH11	2.7e-07	656.7	2319.4	-1.82
TMLHE	5.5e-15	1.9	6.7	-1.82
NDP	6.2e-06	1.9	6.9	-1.82
MEIS2	3.6e-10	12.7	45.0	-1.82
CDKN2A	2.9e-07	5.8	1.6	1.82
AHNAK2	2.5e-06	2.6	9.2	-1.82
ST6GALNAC2	1.1e-08	1.3	4.6	-1.82
CLU	7.7e-05	256.9	909.3	-1.82
RNF165	7.2e-09	1.2	4.1	-1.82
RAB17	q<=4.9e-19	64.5	18.3	1.82
ANXA8	6.5e-04	1.1	4.0	-1.82
RBFOX3	6.9e-07	6.5	22.6	-1.81
BIRC5	9.5e-10	5.0	1.4	1.81
CACNA1D	q<=4.9e-19	8.9	2.5	1.81
C2orf72	q<=4.9e-19	34.1	9.7	1.81
NECAB1	3.0e-10	1.3	4.5	-1.81
RND2	6.3e-13	1.7	5.9	-1.81
FEV	q<=4.9e-19	27.3	7.8	1.81
PDLIM5	1.7e-13	632.5	180.6	1.81
SEMA6D	2.8e-09	1.4	4.7	-1.80
GCNT1	1.3e-14	35.3	10.1	1.80
CYP27A1	1.4e-09	39.0	135.3	-1.80
HIF3A	3.5e-06	1.6	5.4	-1.79
GDF15	q<=4.9e-19	660.6	191.2	1.79
CHRDL1	3.7e-07	33.7	116.2	-1.79
UCN	q<=4.9e-19	4.2	1.2	1.78
RAB9B	2.1e-07	6.0	20.7	-1.78
HSPB8	3.8e-08	85.2	292.4	-1.78
VGLL3	9.0e-04	4.7	16.1	-1.77
ASPN	q<=4.9e-19	10.4	3.0	1.77
INAVA	4.7e-05	1.9	6.5	-1.76
C16orf89	6.0e-06	3.4	11.6	-1.75
PRIMA1	4.9e-07	2.6	8.7	-1.75
KCNK3	9.3e-06	7.8	26.1	-1.75
SNORA33	9.6e-18	14.3	4.3	1.75
INSYN1	1.5e-12	1.9	6.3	-1.75
RRM2	1.1e-05	5.5	1.7	1.75
FBXO17	2.0e-13	6.2	20.8	-1.75
FHL1	1.0e-04	115.7	386.6	-1.74
LOC101928731	5.1e-06	2.0	6.6	-1.74
GPRC5B	3.0e-10	8.9	29.8	-1.74
SMPDL3B	q<=4.9e-19	21.4	6.4	1.73
BEND4	q<=4.9e-19	13.1	3.9	1.73
GPM6A	1.0e-04	2.2	7.4	-1.73
PPP1R3C	5.8e-06	8.1	26.7	-1.73
GSC	q<=4.9e-19	3.3	1.0	1.72
RAB7B	8.7e-14	3.9	12.9	-1.72
GLIS1	2.5e-07	2.7	8.8	-1.72
RPS10	q<=4.9e-19	4.9	1.5	1.72
CCL18	2.7e-09	3.3	1.0	1.72
SCARA3	4.9e-10	24.3	80.2	-1.72
GNAZ	7.1e-09	5.5	18.0	-1.71
SLC2A9	4.2e-04	3.8	12.6	-1.71
TGFB3	1.2e-04	27.2	88.9	-1.71
SMOC1	2.1e-06	11.5	37.5	-1.71
DAAM2	5.1e-09	5.0	16.3	-1.71
GGT6	2.4e-08	6.1	20.0	-1.71
FLRT3	7.8e-11	7.0	22.9	-1.71
PCSK6	q<=4.9e-19	11.5	3.5	1.71
LURAP1	1.6e-16	1.1	3.5	-1.71
OTX1	q<=4.9e-19	3.9	1.2	1.71
B3GALT2	1.6e-05	1.4	4.5	-1.71
CYP3A5	4.6e-04	8.1	26.3	-1.70
TBX1	q<=4.9e-19	26.2	8.0	1.70
ATCAY	1.3e-05	1.5	4.9	-1.70
ANGPTL1	1.2e-05	2.0	6.3	-1.69
SMIM10L2B	5.7e-10	2.3	7.5	-1.69
SLC43A1	5.4e-10	88.8	27.6	1.69
VIT	4.4e-04	1.2	3.8	-1.69
SNHG18	3.0e-12	9.8	31.6	-1.69
LOC283194	q<=4.9e-19	18.9	5.9	1.69
ECRG4	1.6e-07	27.5	88.6	-1.69
PRR7	q<=4.9e-19	4.7	1.5	1.68
TENT5B	3.7e-05	6.2	20.0	-1.68
FAM222A	q<=4.9e-19	6.6	2.1	1.68
YJEFN3	3.4e-10	10.5	3.3	1.68
KRT7	1.3e-04	32.0	102.7	-1.68
ARMCX1	1.5e-14	16.9	54.3	-1.68
TMEM132A	7.7e-18	33.1	10.4	1.68
ITPRIPL1	7.2e-12	2.0	6.2	-1.67
HOXD11	6.5e-07	1.0	3.2	-1.67
MIR205HG	2.6e-05	38.1	121.4	-1.67
L1CAM	4.0e-04	1.2	3.9	-1.67
SOX15	5.7e-11	4.5	14.3	-1.67
DEFB1	4.0e-04	11.9	38.0	-1.67
SERPINA11	6.9e-14	3.3	1.1	1.67
B4GALNT4	q<=4.9e-19	13.1	4.1	1.67
PRKCB	1.6e-05	3.6	11.3	-1.67
ERN2	1.0e-03	1.0	3.2	-1.66
CA12	2.3e-06	3.1	9.7	-1.66
ZNF154	3.5e-10	1.1	3.4	-1.66
B3GNT8	7.7e-11	1.3	4.1	-1.66
NEAT1	4.4e-09	133.6	42.2	1.66
SMKR1	3.1e-17	4.7	1.5	1.66
STOX2	1.0e-11	1.0	3.2	-1.66
ENPP6	4.1e-04	1.1	3.5	-1.66
ALDH1A2	4.4e-09	12.0	37.9	-1.66
TPX2	1.3e-08	5.1	1.6	1.65
ACTG2	3.1e-06	1291.7	4065.2	-1.65
APOBEC3G	9.0e-06	8.5	26.7	-1.65
FAXDC2	1.0e-13	17.1	53.9	-1.65
DMKN	6.8e-13	17.3	53.9	-1.64
C12orf75	2.8e-09	38.3	119.5	-1.64
ZNF185	7.4e-06	17.3	54.0	-1.64
SNORD101	1.4e-06	3.5	1.1	1.64
TSBP1-AS1	4.1e-09	1.6	4.9	-1.64
INKA1	1.5e-08	3.4	10.6	-1.64
COL23A1	4.2e-07	2.4	7.4	-1.64
B3GAT1	2.7e-18	21.7	7.0	1.64
SLC45A2	1.0e-10	3.1	1.0	1.64
POF1B	2.0e-04	2.1	6.6	-1.63
ZNF750	6.1e-06	4.6	14.2	-1.63
ANO4	2.1e-07	2.6	8.2	-1.63
MPP2	9.8e-11	3.7	11.5	-1.63
HSPA4L	6.4e-09	1.4	4.5	-1.63
TP53AIP1	7.2e-05	1.5	4.5	-1.63
ATP2B4	4.9e-07	29.3	90.5	-1.63
STX19	5.5e-13	23.7	7.6	1.63
VSTM2L	q<=4.9e-19	96.9	31.2	1.63
CCDC8	1.5e-12	6.0	18.6	-1.63
CHST9	3.4e-04	1.0	3.1	-1.63
INSM1	2.2e-05	3.1	1.0	1.63
COL10A1	9.6e-06	3.1	1.0	1.62
SDK1	q<=4.9e-19	15.9	5.2	1.62
ADGRG6	1.0e-06	2.5	7.8	-1.62
NRG2	1.1e-11	1.0	3.1	-1.62
CHST2	1.0e-10	5.8	17.7	-1.62
WNT3A	1.4e-06	1.0	3.1	-1.62
ARL4D	3.6e-04	7.2	22.2	-1.62
KCTD14	7.6e-07	1.0	3.1	-1.62
FASN	4.9e-15	351.2	114.3	1.62
GCNT4	1.1e-06	1.0	3.0	-1.61
ALDH1L2	4.9e-05	1.1	3.2	-1.61
PLCL1	1.9e-05	2.8	8.4	-1.61
CPB1	2.7e-04	4.9	1.6	1.61
MARCKSL1	1.3e-18	784.7	257.7	1.61
ARHGEF26	q<=4.9e-19	45.9	15.0	1.61
MAMLD1	4.3e-09	2.0	6.1	-1.61
WNT10A	2.8e-05	1.4	4.4	-1.61
CENPM	3.5e-11	9.2	3.0	1.60
GJB1	3.1e-16	122.4	40.4	1.60
NLGN3	4.6e-07	4.1	12.3	-1.60
SYNM	2.4e-06	58.4	177.5	-1.60
DBNDD1	q<=4.9e-19	40.4	13.3	1.60
GAS1RR	6.3e-11	1.0	3.0	-1.60
ROPN1B	7.4e-10	3.8	1.3	1.59
SAMD12	2.2e-08	3.4	10.2	-1.59
P2RX1	1.6e-04	4.1	12.4	-1.59
ID1	1.2e-04	68.9	208.1	-1.59
LINC02762	1.9e-05	1.2	3.5	-1.59
PRR16	2.5e-18	27.9	9.2	1.59
ANO5	2.6e-07	1.8	5.6	-1.59
LRFN1	q<=4.9e-19	5.4	1.8	1.59
BAIAP2L2	6.8e-13	3.0	1.0	1.59
PIP5K1B	1.9e-07	2.1	6.2	-1.59
FADS2	2.3e-04	63.4	190.9	-1.59
GATM	2.3e-11	7.1	21.4	-1.58
MMP26	q<=4.9e-19	3.0	1.0	1.58
ATAD3C	2.5e-13	1.7	5.0	-1.58
CPAMD8	4.7e-13	20.8	62.0	-1.58
DHPS	2.1e-17	4.7	1.6	1.57
SPON1	1.3e-05	7.9	23.3	-1.57
PAK3	6.1e-09	1.0	3.0	-1.57
SLC7A4	7.9e-04	3.3	9.9	-1.57
MCOLN2	q<=4.9e-19	3.4	1.1	1.57
ADAMTS9-AS2	8.0e-04	2.0	6.0	-1.57
KIT	5.0e-04	3.0	8.9	-1.57
RHPN1	q<=4.9e-19	20.2	6.8	1.57
CTF1	4.3e-15	8.4	25.0	-1.57
S100B	7.0e-04	3.5	10.3	-1.56
RGS7BP	1.5e-05	1.7	5.1	-1.56
LONRF3	3.8e-08	1.0	2.9	-1.56
ITGB6	1.2e-05	3.5	10.3	-1.56
PTGS1	1.0e-03	4.8	14.1	-1.56
NTF4	4.0e-07	1.9	5.7	-1.56
S1PR5	2.1e-04	1.2	3.6	-1.56
SLC19A1	q<=4.9e-19	27.4	9.3	1.56
MME	2.4e-04	40.6	118.8	-1.55
KCNMB1	8.1e-08	16.2	47.5	-1.55
CMTM5	1.0e-06	1.0	2.9	-1.55
HSF4	1.1e-15	33.0	11.3	1.55
RAB38	2.1e-09	2.0	5.8	-1.55
PLBD1	2.3e-09	6.0	17.7	-1.55
TMEM238	q<=4.9e-19	30.9	10.6	1.55
TGM1	2.2e-07	1.5	4.3	-1.55
CSTA	4.4e-05	12.9	37.6	-1.55
SHISAL1	3.0e-07	2.0	6.0	-1.55
PYCR1	q<=4.9e-19	178.3	60.8	1.55
EYA4	8.6e-08	1.8	5.3	-1.55
CLDN3	3.5e-10	497.8	169.5	1.55
TRIB1	2.2e-13	150.1	51.2	1.55
MKI67	4.9e-07	2.9	1.0	1.55
CES1	4.6e-07	33.4	97.2	-1.54
SNORA3B	q<=4.9e-19	2.9	1.0	1.54
AQP5	7.6e-04	1.0	2.9	-1.54
EFCAB1	1.3e-07	2.3	6.6	-1.54
TWIST1	q<=4.9e-19	16.0	5.5	1.54
TSPAN18	8.7e-09	8.8	25.6	-1.54
TRPM4	q<=4.9e-19	328.1	112.9	1.54
DLK2	3.2e-09	7.6	22.0	-1.54
ARHGEF38	q<=4.9e-19	25.4	8.7	1.54
SLC2A4	6.1e-07	4.7	13.7	-1.54
MNX1-AS1	4.4e-18	2.9	1.0	1.54
SORBS1	2.2e-06	43.4	126.1	-1.54
MIR7111	5.3e-11	2.9	1.0	1.54
CHI3L1	7.1e-08	6.7	2.3	1.54
SMIM22	q<=4.9e-19	28.4	9.8	1.54
RPS17	q<=4.9e-19	16.4	5.7	1.53
GNAL	4.5e-09	3.3	9.6	-1.53
IQCA1	1.9e-11	1.0	2.9	-1.53
PGF	3.7e-07	5.2	14.9	-1.53
G0S2	6.7e-04	10.6	30.6	-1.53
PLAC9	7.0e-05	7.0	20.1	-1.53
TRPC6	8.9e-06	1.0	3.0	-1.53
ADAMTS5	2.4e-05	1.1	3.2	-1.53
CAV1	2.2e-07	53.7	155.1	-1.53
HFE	6.1e-17	3.9	11.3	-1.53
FLNC	2.0e-05	49.4	142.6	-1.53
CDC20	4.9e-07	5.7	2.0	1.52
SFRP4	3.8e-13	41.0	14.3	1.52
MNX1-AS2	1.2e-15	2.9	1.0	1.52
WSCD2	1.2e-05	2.0	5.8	-1.52
NRXN3	8.7e-06	1.3	3.8	-1.52
DMD	3.6e-06	5.9	16.9	-1.52
CRHBP	1.8e-04	1.0	2.9	-1.51
SDS	1.9e-11	4.7	1.6	1.51
ROR2	3.2e-14	14.6	41.5	-1.51
CTHRC1	1.5e-07	8.1	2.8	1.51
MACC1	6.8e-05	1.0	2.8	-1.50
HAPLN2	2.8e-06	1.7	4.7	-1.50
MSRB3	7.2e-07	28.5	80.6	-1.50
FRMD6	5.8e-10	15.5	44.0	-1.50
NHS	6.1e-07	1.3	3.6	-1.50
SLC8A1	2.1e-06	2.2	6.1	-1.50
RASL12	2.8e-07	26.3	74.5	-1.50
AFAP1L2	4.8e-10	10.7	30.2	-1.50
NCMAP	1.0e-04	1.4	4.0	-1.50
LMOD1	2.2e-06	72.0	203.9	-1.50
GSTM5	1.7e-07	11.9	33.6	-1.50
CRIP3	8.1e-06	1.5	4.3	-1.50
MLC1	4.8e-04	1.0	2.8	-1.50
FRMPD3	q<=4.9e-19	2.8	1.0	1.50
ABCC4	q<=4.9e-19	327.1	116.6	1.49
FXYD6	3.9e-05	6.9	19.5	-1.49
NAV2	1.3e-08	2.4	6.7	-1.49
MECOM	1.4e-06	5.1	14.4	-1.49
FLNA	5.1e-06	409.6	1149.3	-1.49
LOC105372441	2.3e-04	2.8	1.0	1.49
KLK1	2.1e-04	7.3	20.4	-1.49
C4orf19	2.3e-05	1.1	3.0	-1.48
LINC02585	q<=4.9e-19	3.3	1.2	1.48
ZP3	8.6e-16	13.5	4.9	1.48
S100A16	1.4e-07	38.3	106.9	-1.48
TNS1	3.9e-07	76.2	212.4	-1.48
SGCG	4.2e-04	1.0	2.8	-1.48
PODXL2	6.7e-18	148.8	53.5	1.48
TMEM37	2.1e-06	3.2	9.0	-1.48
UNC5B	3.8e-05	7.9	22.1	-1.48
ME1	8.5e-07	5.6	15.5	-1.48
OR7C1	2.3e-04	1.0	2.8	-1.48
MIR6859-1	2.0e-11	3.7	1.3	1.48
NETO2	q<=4.9e-19	2.8	1.0	1.48
PAQR8	1.0e-03	4.1	11.4	-1.47
S100A6	1.4e-08	652.5	1807.4	-1.47
IL17RE	3.9e-08	6.8	18.8	-1.47
KCNJ15	1.6e-04	1.0	2.8	-1.47
RSPO3	1.7e-04	2.3	6.3	-1.47
ACOT11	2.0e-05	1.0	2.9	-1.47
NEXN	2.7e-06	21.6	59.9	-1.47
MCC	1.1e-09	6.5	18.0	-1.47
CEND1	5.6e-05	1.7	4.7	-1.47
EDNRA	7.3e-07	19.6	54.4	-1.47
TMEM132C	3.1e-05	1.0	2.7	-1.46
AK5	1.5e-12	5.8	2.1	1.46
CLEC3B	6.7e-05	6.6	18.3	-1.46
GCOM1	6.8e-10	1.0	2.9	-1.46
NUDT8	7.3e-18	72.9	26.5	1.46
PRICKLE2	9.7e-10	2.5	7.0	-1.46
ASPHD1	q<=4.9e-19	8.4	3.1	1.46
POU5F1B	q<=4.9e-19	3.9	1.4	1.45
LRRN3	4.1e-04	1.0	2.7	-1.45
C3orf70	8.1e-08	3.5	9.7	-1.45
CAPG	2.5e-12	72.3	197.8	-1.45
RND3	2.3e-08	20.2	55.2	-1.45
FAM124A	4.4e-08	3.0	8.3	-1.45
DDIT4	7.3e-06	29.1	79.4	-1.45
ITGA8	4.3e-04	10.7	29.0	-1.44
APOE	1.4e-14	155.3	57.4	1.44
RBP1	1.8e-08	16.0	43.5	-1.44
ADCY5	7.5e-07	9.1	24.8	-1.44
ID3	3.2e-07	116.6	315.3	-1.44
LINC01238	1.4e-15	3.4	1.3	1.44
JPH2	6.8e-06	7.8	21.2	-1.44
RNF157	1.0e-07	3.9	1.4	1.44
AURKB	1.4e-07	3.6	1.3	1.44
SOWAHA	3.2e-05	1.5	4.1	-1.44
THSD4	4.8e-06	24.9	67.3	-1.44
ITGBL1	1.1e-10	2.8	1.0	1.44
BICD1	9.3e-17	10.4	3.8	1.43
C4A	7.4e-08	6.0	2.2	1.43
MAP1A	3.4e-05	3.6	9.6	-1.43
PRKG1	5.1e-06	2.2	5.8	-1.43
DES	1.2e-05	947.6	2557.7	-1.43
RPE65	1.6e-07	1.0	2.7	-1.43
TRO	3.0e-09	3.9	10.6	-1.43
PGR	1.5e-05	1.5	4.0	-1.43
CDK5RAP3	2.3e-15	5.7	2.1	1.43
RAB40A	2.8e-04	1.0	2.8	-1.43
MYOF	4.0e-11	26.1	70.0	-1.43
NUDT10	3.7e-08	10.9	29.4	-1.43
MAMDC2	1.6e-07	2.7	7.3	-1.43
FGF14-AS2	6.1e-09	2.3	6.2	-1.42
ITGB4	7.2e-08	24.4	65.2	-1.42
HPD	1.2e-05	1.0	2.7	-1.42
LOC100506098	8.6e-05	1.2	3.1	-1.42
MYL9	9.0e-07	655.3	1755.8	-1.42
ENTPD3	6.3e-06	3.1	8.3	-1.42
TPM2	2.3e-05	936.1	2508.4	-1.42
RIMS3	1.3e-06	1.6	4.3	-1.42
CAV2	2.3e-11	16.4	43.7	-1.42
GJA1	2.1e-12	55.7	148.2	-1.41
MAGI2-AS3	2.0e-10	8.9	23.7	-1.41
SPOCK3	4.9e-06	24.3	64.5	-1.41
TRIM6	1.1e-10	1.3	3.5	-1.41
SNORD99	q<=4.9e-19	5.0	1.9	1.41
SEMA5A	1.3e-06	2.1	5.6	-1.41
EFNB1	1.1e-13	13.5	35.9	-1.41
ACSF2	3.5e-10	15.0	39.8	-1.41
CACHD1	1.7e-09	4.4	11.6	-1.41
EPHB1	6.3e-04	1.0	2.6	-1.41
SLC25A27	1.0e-16	14.5	5.4	1.41
EMILIN3	7.1e-07	2.6	6.9	-1.41
ST6GALNAC4	6.0e-06	8.7	23.1	-1.41
PCDH10	6.6e-05	5.4	14.5	-1.41
GPX3	1.3e-12	89.0	237.1	-1.41
PARM1	2.8e-11	73.7	195.0	-1.40
ZBTB7C	4.1e-06	2.7	7.2	-1.40
CFAP300	3.4e-12	2.2	5.7	-1.40
TEDC2	1.2e-17	4.3	1.6	1.40
ARHGDIG	3.9e-16	2.6	1.0	1.40
ITGA2	4.6e-08	6.3	16.6	-1.40
LINC01679	2.9e-07	1.0	2.6	-1.40
PLIN4	1.5e-06	7.2	19.0	-1.40
LIME1	q<=4.9e-19	2.6	1.0	1.40
FOXF2	4.4e-04	3.3	8.6	-1.40
BCL11A	1.7e-06	3.0	8.0	-1.40
FRRS1L	5.6e-05	1.7	4.5	-1.40
WNT6	6.3e-04	1.0	2.6	-1.40
EZH2	q<=4.9e-19	6.4	2.4	1.40
LRCH2	3.6e-07	4.0	10.7	-1.40
PET100	q<=4.9e-19	7.2	2.8	1.39
HAAO	7.4e-10	10.9	28.6	-1.39
AJUBA	3.8e-13	9.0	23.6	-1.39
ITGB8	5.7e-11	5.8	15.2	-1.39
DNASE2B	1.2e-14	17.4	6.6	1.39
CXCR2	4.3e-06	1.0	2.6	-1.39
C11orf45	4.1e-06	1.0	2.6	-1.39
KLHL35	q<=4.9e-19	2.6	1.0	1.39
NDNF	8.9e-04	5.8	15.1	-1.39
PLK1	7.7e-10	3.2	1.2	1.39
TMSB15A	3.0e-12	114.4	43.8	1.39
CNN1	2.1e-06	494.1	1293.6	-1.39
SOX2	4.7e-06	2.6	6.8	-1.39
SLCO3A1	1.3e-10	5.4	14.0	-1.38
ACTA2	6.1e-07	542.5	1410.5	-1.38
ZNF516	6.0e-11	4.8	12.6	-1.38
CSRP1	5.6e-08	869.0	2257.0	-1.38
C22orf23	1.3e-11	2.5	6.6	-1.38
TFF3	1.2e-14	197.3	76.0	1.38
SLC52A1	1.5e-06	1.0	2.6	-1.38
MXD3	1.4e-16	7.2	2.8	1.38
PPP1R14B	q<=4.9e-19	137.6	52.9	1.38
ASB2	7.1e-07	11.5	29.9	-1.38
STXBP5L	2.8e-05	1.0	2.6	-1.38
FAM95C	1.3e-15	2.6	1.0	1.38
VAV3	1.6e-06	2.9	7.6	-1.38
EME2	q<=4.9e-19	34.0	13.1	1.38
GSTM2	1.8e-05	8.2	21.2	-1.37
GSTM4	3.4e-15	22.8	59.0	-1.37
SNHG19	q<=4.9e-19	285.7	110.6	1.37
LIX1	7.1e-06	1.0	2.6	-1.37
IRX4	2.6e-09	17.3	6.7	1.37
PHYHIP	1.2e-06	4.8	12.4	-1.37
ETNK2	1.4e-16	5.6	14.5	-1.37
MEX3A	1.1e-14	4.9	1.9	1.37
EFEMP1	1.5e-07	36.8	95.3	-1.37
GABRB3	1.1e-17	18.6	7.2	1.37
NTRK2	3.0e-04	2.4	6.1	-1.37
PPP1R12B	1.8e-05	40.3	103.5	-1.36
NTN1	7.5e-06	3.5	9.0	-1.36
GAS1	3.5e-06	7.9	20.2	-1.36
RNF128	4.7e-05	2.6	6.7	-1.36
POPDC2	5.7e-07	11.0	28.4	-1.36
IL1R2	6.7e-06	1.0	2.6	-1.36
SNORA71B	6.9e-11	3.2	1.3	1.36
NRK	5.1e-04	1.0	2.6	-1.36
CALD1	6.2e-07	292.6	747.4	-1.35
C10orf82	1.2e-05	1.0	2.5	-1.35
LRFN5	1.5e-04	1.1	2.8	-1.35
OXER1	2.8e-05	2.1	5.5	-1.35
SPATA18	2.7e-12	3.6	9.2	-1.35
CPXM1	1.4e-04	7.3	18.7	-1.35
STEAP2-AS1	2.6e-04	2.8	1.1	1.35
KCNMA1	2.3e-05	13.6	34.5	-1.35
GIPC2	1.8e-06	1.2	2.9	-1.35
KCNIP3	4.4e-10	3.4	8.6	-1.35
CRACR2B	1.5e-17	96.9	38.0	1.35
LINC00092	3.1e-09	2.2	5.7	-1.35
NEURL3	3.4e-06	2.2	5.7	-1.35
PPP1R14A	1.3e-04	51.4	131.2	-1.35
CLIC3	1.2e-07	4.0	10.2	-1.35
KY	9.1e-04	1.0	2.5	-1.34
ST8SIA6-AS1	5.8e-19	9.0	3.6	1.34
FAM221A	1.9e-18	21.9	8.7	1.34
ZNF516-AS1	2.6e-11	1.0	2.5	-1.34
SAMD5	5.5e-09	7.7	3.0	1.34
TAGLN	8.1e-06	414.9	1051.5	-1.34
LOC101928304	5.0e-04	1.0	2.5	-1.34
SPEG	3.9e-06	5.4	13.8	-1.34
CAVIN2	6.2e-08	19.9	50.5	-1.34
B3GNT9	4.4e-14	7.5	19.0	-1.34
SLC7A11	q<=4.9e-19	2.5	1.0	1.34
BMP7	4.8e-07	6.2	15.8	-1.34
HS3ST3A1	3.9e-06	1.1	2.8	-1.34
TRIM36	q<=4.9e-19	34.0	13.4	1.34
FOXM1	3.6e-09	3.1	1.2	1.34
WFDC1	3.0e-06	52.7	133.5	-1.34
TPM1	3.8e-06	486.3	1234.6	-1.34
F5	4.6e-08	10.2	4.1	1.33
CPLX1	q<=4.9e-19	7.4	2.9	1.33
RHOB	1.7e-10	333.2	839.2	-1.33
HR	3.1e-06	3.1	7.8	-1.33
EEF1AKMT4	q<=4.9e-19	8.8	3.5	1.33
ARHGAP23	8.2e-09	8.8	22.2	-1.33
LINC01535	3.5e-13	3.9	1.6	1.33
HJURP	8.8e-11	2.5	1.0	1.33
PDGFD	3.7e-10	7.6	19.1	-1.33
SCRG1	9.7e-06	1.2	3.0	-1.33
DKK3	8.6e-09	58.6	147.3	-1.33
RGS9	8.3e-07	3.2	8.1	-1.33
FAM162B	4.8e-08	2.6	6.5	-1.33
PABPC1L2B	4.3e-14	4.1	1.6	1.33
TROAP	1.6e-10	2.5	1.0	1.33
CAMK1G	1.6e-04	1.2	2.9	-1.32
SNORD100	8.3e-10	7.0	2.8	1.32
PNMA8A	1.1e-05	5.3	13.1	-1.32
NDRG2	2.1e-12	104.1	260.3	-1.32
PTGIS	1.1e-05	12.5	31.1	-1.32
MET	3.2e-06	6.6	16.4	-1.32
MIR4786	2.4e-04	1.3	3.2	-1.32
CAMKK2	q<=4.9e-19	190.5	76.5	1.32
PLAAT5	9.3e-06	1.0	2.5	-1.31
RNF112	8.7e-04	1.5	3.7	-1.31
LOC101927870	q<=4.9e-19	2.5	1.0	1.31
TSPAN2	4.5e-08	9.3	23.1	-1.31
C19orf48	q<=4.9e-19	461.0	186.2	1.31
PPM1E	7.7e-10	5.1	2.0	1.31
NOS1	4.4e-06	1.0	2.5	-1.31
KCNB1	4.5e-05	1.1	2.7	-1.31
ANKRD35	9.3e-10	3.7	9.2	-1.31
RPP21	1.0e-13	2.5	1.0	1.31
CYTL1	1.3e-05	3.5	8.6	-1.31
PRSS16	2.5e-12	5.7	14.2	-1.31
STARD4	7.5e-06	7.9	19.6	-1.31
RHBDL3	1.9e-08	1.0	2.5	-1.31
PLLP	9.6e-06	10.6	26.2	-1.31
SNORD14A	7.6e-04	10.3	4.2	1.31
ACSS3	1.7e-09	2.3	5.7	-1.31
TMEM210	6.5e-09	3.1	1.3	1.31
SMIM10	1.2e-08	7.9	19.5	-1.30
ZNF711	5.7e-07	1.4	3.6	-1.30
NMUR1	1.6e-04	1.0	2.5	-1.30
CCDC69	5.8e-07	20.0	49.4	-1.30
TLCD1	q<=4.9e-19	39.2	15.9	1.30
CRYBA2	9.1e-15	3.1	1.3	1.30
TACR2	6.6e-06	1.9	4.7	-1.30
NT5E	2.0e-08	7.5	18.6	-1.30
CPED1	1.6e-06	13.2	32.4	-1.30
CNTN1	9.1e-05	11.6	28.4	-1.30
MAOB	9.7e-05	48.2	118.8	-1.30
PCP4	6.9e-05	156.5	385.8	-1.30
SNORD19C	9.5e-14	8.8	3.6	1.30
SCN2B	9.1e-08	1.0	2.5	-1.30
LRP4	2.5e-08	2.1	5.2	-1.30
PTP4A3	2.0e-07	83.5	33.8	1.30
ITGA9	2.6e-05	5.8	14.3	-1.29
FENDRR	1.5e-05	9.1	22.3	-1.29
TAFA2	6.8e-04	1.0	2.5	-1.29
SLIT3	1.4e-04	3.2	7.8	-1.29
FGF7	8.0e-06	3.1	7.6	-1.29
PKIB	3.4e-14	20.2	8.3	1.29
PLP2	7.8e-19	45.5	111.5	-1.29
SLFN12	1.3e-05	1.4	3.3	-1.29
LINC01503	3.8e-10	9.9	24.3	-1.29
SCNN1D	1.2e-16	4.5	1.8	1.29
PINLYP	1.5e-13	6.2	15.2	-1.29
BATF	2.1e-04	4.5	11.1	-1.29
SGCA	1.6e-05	16.3	40.0	-1.29
SPC24	6.2e-10	3.5	1.4	1.28
PITX1	2.7e-05	7.2	17.6	-1.28
ADGRD1	4.1e-04	2.0	4.9	-1.28
EFNB3	3.3e-06	2.9	7.0	-1.28
FADS1	2.8e-08	14.4	35.0	-1.28
C4orf48	q<=4.9e-19	7.1	2.9	1.28
CCBE1	7.8e-04	1.0	2.4	-1.28
FAM83B	2.3e-06	1.0	2.4	-1.28
LGI3	6.0e-06	1.0	2.4	-1.28
CDKN3	6.6e-06	4.6	1.9	1.28
POMC	7.9e-05	1.0	2.4	-1.28
CCNA2	2.0e-06	2.6	1.1	1.27
TGFBR3	9.9e-08	11.9	28.6	-1.27
SBK1	q<=4.9e-19	12.5	5.2	1.27
PTGER3	1.2e-05	3.2	7.7	-1.27
CAMK1D	1.1e-07	7.9	19.2	-1.27
MR1	3.7e-11	6.0	14.5	-1.27
TOP2A	3.8e-06	5.2	2.2	1.27
ROBO1	5.1e-06	11.7	28.3	-1.27
KCNE3	2.0e-04	1.7	4.1	-1.27
LINC00665	q<=4.9e-19	79.4	33.0	1.27
HOXD10	1.3e-05	4.9	11.8	-1.27
BOLA3-AS1	1.9e-10	1.5	3.6	-1.27
BHMT2	1.8e-06	5.3	12.8	-1.27
PLA2G7	q<=4.9e-19	64.9	26.9	1.27
SNORD46	9.5e-11	2.5	1.0	1.27
PRRG4	1.1e-13	9.0	21.8	-1.27
RNF175	6.3e-08	1.6	3.9	-1.27
MBNL1-AS1	2.6e-05	2.3	5.5	-1.27
SYNC	1.1e-04	1.5	3.6	-1.27
LIMS2	3.5e-06	52.9	126.5	-1.26
RGS13	4.8e-04	1.0	2.4	-1.26
LINC01089	q<=4.9e-19	35.4	14.8	1.26
CFL2	5.8e-06	26.5	63.5	-1.26
LINC01637	2.3e-09	1.2	3.0	-1.26
CENPN	1.4e-18	20.7	8.6	1.26
MAP1B	3.8e-04	16.9	40.5	-1.26
TSACC	q<=4.9e-19	2.4	1.0	1.26
ACACB	7.3e-10	5.5	13.2	-1.26
SLC24A3	6.3e-07	8.2	19.6	-1.26
GOLGA8B	2.3e-08	6.3	2.6	1.26
MTG1	q<=4.9e-19	3.0	1.2	1.26
DNAJC15	3.1e-05	3.7	8.8	-1.26
EFHD1	1.9e-05	11.8	28.4	-1.26
NTN4	4.2e-11	40.5	97.0	-1.26
LRRC26	8.2e-16	57.6	24.2	1.25
CXCL11	9.9e-10	8.3	3.5	1.25
NPR2	1.1e-07	5.0	11.9	-1.25
SLC47A1	1.1e-07	1.8	4.2	-1.25
OGN	6.2e-05	15.6	37.1	-1.25
PCDHB2	3.5e-10	2.7	1.1	1.25
ZDHHC11	q<=4.9e-19	3.7	1.6	1.25
SERP2	4.2e-10	6.6	15.6	-1.25
KITLG	1.6e-09	9.1	21.6	-1.25
CAND2	3.8e-07	2.4	5.7	-1.25
ADGRA2	5.1e-06	22.4	53.0	-1.24
TCF7L1	1.7e-13	11.0	26.0	-1.24
GAS6-DT	1.1e-05	1.3	3.0	-1.24
RPL26	q<=4.9e-19	140.9	59.7	1.24
PNCK	6.6e-06	11.2	26.4	-1.24
ITIH5	2.6e-07	15.7	37.1	-1.24
IL1RL2	5.5e-04	1.0	2.4	-1.24
TENM2	8.4e-04	1.0	2.4	-1.24
DDO	6.9e-11	2.1	5.0	-1.24
DNAJB5	6.5e-06	16.4	38.9	-1.24
VCL	1.3e-05	65.0	153.4	-1.24
LINC02343	8.3e-11	5.2	2.2	1.24
PDPN	2.6e-14	10.4	24.7	-1.24
PCDHB16	4.2e-11	3.0	1.3	1.24
NME2	1.4e-18	3.1	1.3	1.23
MEIS1	2.1e-07	7.9	18.5	-1.23
HMGCLL1	9.3e-05	1.0	2.4	-1.23
CD200	9.2e-08	7.5	17.5	-1.23
ANO6	3.7e-09	21.9	51.4	-1.23
ARHGEF19	2.5e-10	6.3	14.6	-1.23
B4GALNT1	6.8e-06	1.1	2.6	-1.23
RTN4RL2	q<=4.9e-19	2.8	1.2	1.23
TMEM184A	q<=4.9e-19	23.6	10.1	1.23
RGN	8.3e-09	5.9	13.9	-1.23
KLF8	2.8e-07	1.2	2.7	-1.23
SLC26A6	q<=4.9e-19	25.3	10.7	1.23
DEPDC7	9.4e-04	1.1	2.6	-1.23
PABPC1L	5.7e-13	10.1	4.3	1.23
FCER1A	3.4e-05	4.4	10.3	-1.23
INPP5D	6.3e-06	6.5	15.3	-1.23
NELL1	8.2e-04	2.8	6.5	-1.23
FMO2	3.4e-04	2.1	4.8	-1.23
CLIP3	8.2e-06	14.2	33.2	-1.23
ANKRD65	7.1e-12	14.5	34.0	-1.23
OLFML2A	2.3e-08	5.7	13.4	-1.23
NRP2	2.7e-05	7.6	17.8	-1.23
MYZAP	1.8e-07	3.4	7.9	-1.22
SCUBE3	6.6e-04	1.3	2.9	-1.22
FERMT1	7.5e-08	6.2	14.4	-1.22
LGALS3	1.5e-14	198.6	460.9	-1.22
PLA2G2A	2.2e-08	1230.5	528.5	1.22
TCEAL7	1.6e-05	5.5	12.9	-1.22
PALLD	1.0e-05	99.3	230.8	-1.22
TGFB1I1	4.3e-06	51.2	119.6	-1.22
TRPM8	1.1e-11	205.7	88.2	1.22
CD40	4.5e-16	16.3	37.9	-1.22
TUBA4A	2.1e-13	27.8	65.0	-1.22
MRAP2	6.8e-10	5.3	12.3	-1.22
KSR1	4.2e-08	2.1	4.8	-1.22
LINC00115	4.4e-14	2.3	1.0	1.22
MIR25	q<=4.9e-19	6.9	3.0	1.22
GPRASP1	2.1e-09	7.9	18.4	-1.22
SLC5A8	3.0e-04	1.0	2.3	-1.22
ITGB1BP2	2.2e-04	3.3	7.7	-1.21
C1QL1	9.8e-04	1.0	2.3	-1.21
ZNF655	2.7e-11	17.4	40.2	-1.21
YPEL1	q<=4.9e-19	3.0	1.3	1.21
DOK4	1.6e-15	12.7	29.5	-1.21
PLEKHA2	4.1e-11	7.6	17.5	-1.21
SERPINB1	2.5e-05	16.1	37.2	-1.21
TMEM200B	1.1e-06	7.0	16.2	-1.21
ATP1B1	5.4e-10	54.7	126.1	-1.21
HACD1	2.4e-08	5.7	13.2	-1.21
KIF20A	2.0e-08	2.3	1.0	1.21
DUSP15	1.8e-05	2.4	5.5	-1.21
CLIC6	1.3e-07	4.9	11.3	-1.20
SLC6A11	q<=4.9e-19	3.3	1.4	1.20
RASSF5	1.0e-07	8.9	20.5	-1.20
ANK2	4.5e-05	2.3	5.3	-1.20
TIMP3	1.1e-07	142.9	327.4	-1.20
ST8SIA1	4.5e-06	1.6	3.7	-1.20
HCG11	1.3e-10	4.2	9.6	-1.20
LRRK2	4.2e-05	1.4	3.1	-1.20
FHOD3	9.7e-07	7.8	17.8	-1.20
SNORD6	1.5e-07	5.6	2.4	1.20
BCL2	1.7e-07	11.4	26.1	-1.20
STUM	1.0e-03	2.4	5.6	-1.20
ATOH8	1.8e-08	6.4	14.8	-1.20
HLF	9.5e-07	7.7	17.7	-1.20
EDIL3	3.9e-04	4.8	10.9	-1.20
PITPNM3	2.1e-10	3.7	8.6	-1.20
PIPOX	1.4e-07	2.2	5.1	-1.19
FAM111B	8.5e-10	3.0	1.3	1.19
STARD8	8.7e-06	3.9	9.0	-1.19
CHTF18	q<=4.9e-19	10.5	4.6	1.19
PEAK1	3.5e-05	4.8	11.0	-1.19
HES4	q<=4.9e-19	38.3	16.9	1.19
RPL22L1	1.1e-17	52.5	23.1	1.19
EFNA5	1.1e-06	3.8	8.6	-1.19
FZD8	7.7e-17	7.1	3.1	1.19
ANKRD53	9.7e-07	1.0	2.3	-1.19
BNC2	3.2e-04	1.3	2.9	-1.19
PLN	1.3e-05	13.8	31.6	-1.19
EPB41L3	1.5e-09	7.9	18.0	-1.19
FOXS1	q<=4.9e-19	3.2	1.4	1.18
PCDHB11	1.4e-09	3.2	1.4	1.18
KANK2	1.4e-06	52.0	118.1	-1.18
ANXA1	4.9e-08	207.1	470.1	-1.18
CTTNBP2	4.2e-05	1.5	3.5	-1.18
STK26	1.3e-09	15.3	34.5	-1.18
HACD4	8.2e-07	1.7	3.9	-1.18
CCDC178	1.2e-05	1.0	2.3	-1.18
ANXA2	4.4e-16	318.3	718.7	-1.18
SCNN1A	3.0e-06	43.9	99.2	-1.18
TENM3	2.6e-04	1.6	3.5	-1.18
SOX7	2.1e-05	2.7	6.0	-1.18
PHF21B	q<=4.9e-19	5.0	2.2	1.18
FGFRL1	q<=4.9e-19	56.1	24.8	1.18
MXRA7	7.0e-09	80.0	180.8	-1.18
PDE7B	3.4e-06	1.9	4.4	-1.18
ADAMTSL3	1.3e-04	3.8	8.5	-1.18
CCDC181	1.2e-05	1.1	2.5	-1.17
SVIL	1.6e-06	45.1	101.7	-1.17
CYSRT1	q<=4.9e-19	9.2	4.1	1.17
NACAD	2.0e-07	1.9	4.3	-1.17
PRR22	q<=4.9e-19	4.8	2.1	1.17
FHL2	6.3e-10	33.7	75.9	-1.17
FBXO2	3.3e-10	12.1	27.2	-1.17
LINC02724	q<=4.9e-19	2.3	1.0	1.17
FOXF1	4.7e-05	11.7	26.4	-1.17
SRRM2-AS1	q<=4.9e-19	9.1	4.0	1.17
MYORG	5.8e-09	3.0	6.7	-1.17
JAZF1	8.5e-08	11.2	25.1	-1.17
ARX	2.6e-05	2.3	1.0	1.17
PRAC1	2.0e-17	624.3	277.5	1.17
PRRT3-AS1	q<=4.9e-19	7.4	3.3	1.17
RBMS3	7.9e-11	5.2	11.7	-1.17
CA11	3.2e-13	9.4	21.2	-1.17
TMEM158	3.9e-05	12.7	28.7	-1.17
SRPX	1.5e-06	9.7	21.7	-1.17
APBA2	2.7e-12	8.8	3.9	1.17
CERK	9.8e-09	8.4	18.8	-1.17
RPL36A	5.0e-15	7.3	3.3	1.17
SLC25A10	q<=4.9e-19	19.1	8.5	1.16
RCAN2	1.8e-06	13.9	31.2	-1.16
EFHC2	6.5e-07	1.4	3.1	-1.16
SPATA6	1.0e-13	3.6	8.1	-1.16
VWA5A	2.7e-10	10.2	22.7	-1.16
NTF3	2.3e-11	2.2	4.9	-1.16
HMMR	2.6e-05	2.2	1.0	1.16
PLCD3	1.5e-07	6.5	14.5	-1.16
TLR3	1.3e-09	3.7	8.3	-1.16
TRPC4	3.1e-04	1.2	2.7	-1.16
CCND2	2.6e-06	14.4	32.0	-1.16
ALOX15	6.9e-08	2.2	1.0	1.16
FAM189A1	1.0e-05	2.2	1.0	1.16
SPINK1	3.2e-05	4.1	1.8	1.16
SH3PXD2B	1.2e-07	12.4	27.7	-1.16
ANP32E	1.6e-11	14.6	32.5	-1.15
CECR2	1.2e-14	2.3	1.0	1.15
ADRB1	9.7e-07	27.2	12.3	1.15
C1QTNF1	3.2e-06	22.6	50.2	-1.15
MIR100HG	2.2e-06	11.8	26.3	-1.15
BEND5	4.4e-12	3.6	7.9	-1.15
AVPI1	3.9e-07	17.5	38.8	-1.15
CDCA3	1.7e-11	4.8	2.2	1.15
DUSP19	1.3e-09	1.4	3.2	-1.15
FEZ1	3.7e-09	42.3	94.1	-1.15
DYNC1I1	2.1e-05	4.2	9.4	-1.15
GPR161	9.3e-07	5.2	11.6	-1.15
TSHZ3	1.0e-08	17.4	38.6	-1.15
SNHG9	9.5e-19	78.3	35.3	1.15
HEPH	1.1e-05	7.5	16.5	-1.14
VSTM4	2.5e-05	9.3	20.6	-1.14
SMTN	6.8e-05	97.6	215.0	-1.14
ARMH4	3.2e-05	1.2	2.6	-1.14
GLIS3	5.2e-04	2.0	4.4	-1.14
CD207	4.5e-04	2.9	6.3	-1.14
CTNND2	2.2e-11	7.6	3.4	1.14
GGCT	9.4e-13	70.5	32.0	1.14
PILRB	1.6e-14	3.4	1.5	1.14
MELK	3.3e-07	2.2	1.0	1.14
CIB2	2.9e-07	11.4	25.0	-1.14
RAP1GAP	4.3e-15	98.6	44.9	1.14
ARHGEF28	9.1e-09	3.7	8.1	-1.14
PRTFDC1	1.7e-08	3.6	7.8	-1.14
INMT	6.2e-06	19.8	43.2	-1.13
PLS3	2.0e-10	33.8	74.2	-1.13
SLC16A8	q<=4.9e-19	2.2	1.0	1.13
CD300LG	9.3e-06	1.0	2.2	-1.13
QSOX1	3.8e-10	32.3	70.9	-1.13
GDPD1	q<=4.9e-19	13.5	6.2	1.13
C19orf81	1.5e-08	2.2	1.0	1.13
TMTC4	1.2e-18	35.6	16.3	1.13
DPYSL3	8.1e-07	84.4	184.9	-1.13
CSRP2	3.6e-04	45.0	98.7	-1.13
NPY1R	1.7e-06	1.5	3.2	-1.13
PPARGC1B	6.2e-07	1.2	2.6	-1.13
CBS	2.3e-14	3.0	1.4	1.13
PIK3R1	1.3e-08	26.3	57.5	-1.13
TRIP6	3.0e-12	46.4	100.9	-1.12
CYP2S1	2.2e-05	1.5	3.2	-1.12
FBXL2	5.3e-07	2.8	6.0	-1.12
AGR3	1.8e-08	8.9	4.1	1.12
TRIP13	3.8e-10	4.2	1.9	1.12
KANK1	3.2e-09	30.7	66.7	-1.12
NME1	q<=4.9e-19	41.8	19.2	1.12
HS3ST4	9.1e-10	3.8	1.7	1.12
CDCA5	1.4e-12	4.3	2.0	1.12
ZDHHC15	1.2e-09	1.2	2.5	-1.12
MAML2	6.7e-08	6.4	14.0	-1.12
CLVS2	4.3e-05	1.0	2.2	-1.12
PDLIM1	1.7e-10	100.4	218.0	-1.12
SLC4A11	2.1e-07	3.2	7.0	-1.12
TMEM106A	3.0e-06	1.8	3.9	-1.12
EIF4EBP3	q<=4.9e-19	3.3	1.5	1.12
GPLD1	2.1e-06	1.2	2.6	-1.12
COX7A1	2.5e-04	61.2	132.4	-1.11
FERMT2	3.4e-07	41.4	89.1	-1.11
EFEMP2	2.1e-12	43.8	94.5	-1.11
EPCAM	6.0e-17	444.6	205.2	1.11
ARSJ	8.3e-07	3.9	8.5	-1.11
SOX14	3.9e-16	3.1	1.4	1.11
SLC1A3	9.3e-07	4.4	9.4	-1.11
PLPP7	8.9e-05	2.4	5.3	-1.11
NUP210	q<=4.9e-19	27.4	12.7	1.11
GPR160	9.1e-11	116.4	53.9	1.11
ANXA6	1.2e-09	100.1	216.5	-1.11
PVT1	2.7e-13	16.0	7.4	1.11
FBXL8	q<=4.9e-19	17.4	8.0	1.11
SLC51B	2.0e-05	1.9	4.0	-1.11
RAB6D	6.2e-13	2.7	1.3	1.11
ZIC2	q<=4.9e-19	2.2	1.0	1.11
VILL	7.1e-07	12.4	26.8	-1.11
TWIST2	2.3e-06	8.9	19.1	-1.10
TINAGL1	2.3e-08	31.9	68.4	-1.10
KLHL13	3.2e-10	4.9	10.4	-1.10
KIFC1	4.9e-11	5.2	2.4	1.10
CABP4	q<=4.9e-19	3.2	1.5	1.10
IFI27L2	1.5e-08	26.1	56.0	-1.10
LGALS3BP	8.2e-13	261.8	562.6	-1.10
CASC19	9.0e-04	2.1	1.0	1.10
GLI3	5.7e-07	3.7	7.8	-1.10
CAVIN1	6.2e-07	199.6	429.1	-1.10
CYP2J2	3.5e-17	18.9	8.8	1.10
LYPD6B	3.5e-05	10.1	21.6	-1.10
MIR4653	3.1e-10	3.2	1.5	1.10
TCEAL5	2.4e-04	1.4	2.9	-1.10
LPAR1	3.8e-09	9.3	19.8	-1.10
TMEM52	9.1e-13	6.7	3.1	1.10
C4B	4.9e-06	6.9	3.2	1.10
SPTLC3	7.5e-10	3.4	7.2	-1.10
ADRA2A	9.7e-10	6.7	3.1	1.10
GADD45A	1.3e-06	29.3	62.9	-1.10
ZNF503-AS1	1.0e-03	2.1	4.5	-1.09
CDH22	4.3e-04	1.0	2.2	-1.09
GPX7	2.5e-12	10.8	23.0	-1.09
IRF9	2.0e-10	3.1	1.5	1.09
PABPC4L	7.3e-07	1.5	3.3	-1.09
SAPCD2	1.5e-10	12.3	5.8	1.09
PAOX	q<=4.9e-19	2.1	1.0	1.09
S100A4	3.7e-04	102.6	218.6	-1.09
PLEKHH2	5.5e-04	1.4	2.9	-1.09
XK	3.6e-05	1.4	3.0	-1.09
LPAR5	7.2e-05	1.3	2.7	-1.09
TOX3	3.8e-05	5.1	2.4	1.09
COL21A1	4.5e-06	2.0	4.2	-1.09
GPM6B	6.3e-06	9.7	20.5	-1.09
RPRM	4.7e-06	4.7	10.1	-1.09
LMNTD2	2.3e-16	4.0	1.9	1.08
