Gene	FDRAdjustedP-value	CancerSampleMed	NormalSampleMed	|log2FC|
UMOD	9.9e-07	1.0	9058.5	-13.14
ALDOB	5.4e-06	3.2	6847.3	-11.07
AQP2	1.8e-07	1.0	1354.6	-10.40
SLC12A1	1.7e-07	1.0	1107.6	-10.11
KNG1	1.7e-09	1.0	633.3	-9.31
SLC22A8	1.6e-05	1.0	561.9	-9.13
MT1H	9.3e-06	1.0	553.1	-9.11
CALB1	1.9e-06	1.0	529.1	-9.05
KCNJ1	6.3e-15	1.0	531.0	-9.05
FXYD4	1.3e-05	1.0	511.2	-9.00
SLC22A6	1.5e-04	1.0	382.6	-8.58
PTGER3	4.4e-11	1.0	363.1	-8.50
MT1G	7.4e-06	9.0	3223.7	-8.48
FABP1	6.0e-06	1.0	329.0	-8.36
RHCG	5.7e-09	1.0	304.9	-8.25
CYP4A11	6.1e-06	1.1	295.5	-8.10
SFRP1	1.5e-14	1.0	265.9	-8.05
SLC12A3	3.0e-06	1.0	255.1	-8.00
GSTA2	5.1e-06	1.0	248.2	-7.96
TMEM52B	2.8e-08	1.3	294.4	-7.83
HMGCS2	1.0e-07	1.0	224.3	-7.81
TMEM213	5.4e-14	1.0	209.9	-7.71
HPD	5.0e-06	2.9	583.7	-7.66
PAH	7.9e-05	1.0	197.2	-7.62
HSD11B2	8.2e-16	5.7	1096.0	-7.58
DUSP9	6.5e-09	1.0	187.8	-7.55
XPNPEP2	1.5e-05	1.0	165.0	-7.37
PLG	5.7e-05	1.0	164.4	-7.36
GGT6	3.7e-16	1.0	159.3	-7.32
PROM2	1.1e-10	1.0	155.6	-7.28
SCNN1G	3.5e-09	1.0	146.8	-7.20
NPHS2	8.2e-08	1.0	141.4	-7.14
SLC4A1	8.5e-11	1.0	139.0	-7.12
EGF	2.1e-07	1.3	169.6	-7.07
SCNN1B	4.1e-09	1.0	131.8	-7.04
CLDN8	2.1e-09	1.0	126.3	-6.98
ALB	5.6e-05	1.0	125.1	-6.97
SLC5A12	2.5e-05	1.0	118.5	-6.89
ATP6V0A4	3.2e-17	1.7	198.2	-6.84
SLC34A1	3.9e-05	2.1	227.3	-6.76
GSTA1	2.4e-05	3.8	397.7	-6.70
TMEM174	7.9e-06	1.5	151.2	-6.69
FAM151A	4.8e-05	1.4	142.5	-6.68
CLCNKB	1.8e-12	4.9	491.2	-6.65
TMEM72	5.0e-11	2.0	199.4	-6.64
RASD1	3.1e-09	3.1	309.9	-6.64
CLCNKA	1.1e-04	1.5	152.8	-6.63
RAB25	2.8e-09	1.3	122.0	-6.58
MCCD1	4.6e-08	1.0	94.9	-6.57
SLC13A3	7.0e-05	2.7	238.5	-6.47
ATP6V0D2	7.3e-12	1.0	86.0	-6.43
GATA3	2.5e-11	1.0	82.5	-6.36
CLIC5	3.0e-07	1.4	108.5	-6.32
CRHBP	3.6e-08	1.0	79.1	-6.31
UGT1A9	1.8e-04	1.0	79.5	-6.31
HRG	2.2e-10	1.0	77.2	-6.27
SERPINA5	6.8e-13	5.4	404.2	-6.23
CLDN19	7.3e-07	1.0	72.6	-6.18
PRDM16-DT	5.0e-05	1.0	71.6	-6.16
FGF1	5.5e-07	1.5	99.2	-6.07
SLC36A2	2.6e-05	1.0	67.3	-6.07
KCNJ10	4.5e-12	1.0	67.4	-6.07
LHX1-DT	2.5e-17	1.0	65.4	-6.03
CTXN3	9.4e-07	1.0	65.5	-6.03
G6PC1	1.0e-04	1.0	62.9	-5.97
PDE1A	5.1e-09	1.3	79.8	-5.96
ATP6V1G3	3.4e-11	1.0	61.8	-5.95
FOXI1	1.2e-09	1.0	61.8	-5.95
NDNF	7.1e-06	1.0	60.4	-5.92
PRODH2	4.6e-05	4.7	285.9	-5.91
C16orf89	6.9e-07	1.0	58.7	-5.88
DIO1	3.5e-05	1.7	97.8	-5.87
PIPOX	2.1e-06	4.2	244.8	-5.87
CA4	1.8e-10	1.0	54.3	-5.76
SLC6A19	6.3e-05	2.3	123.4	-5.75
FAM3B	6.4e-09	1.0	52.6	-5.72
CYP4F2	7.7e-05	1.0	51.7	-5.69
TSPAN8	1.1e-06	1.9	97.1	-5.66
SUCNR1	2.0e-08	1.0	49.2	-5.62
SLC13A2	1.5e-05	2.2	108.1	-5.62
AFM	1.8e-05	1.0	48.4	-5.60
SLC26A7	1.2e-12	1.0	47.4	-5.57
APOC1	q<=2.5e-19	210.6	4.7	5.47
UPB1	1.2e-06	1.0	44.5	-5.47
TMPRSS2	4.1e-13	2.4	104.0	-5.45
SLC34A3	7.1e-06	1.0	43.7	-5.45
LCN2	7.6e-15	282.2	6.5	5.44
DMRT2	5.2e-10	1.0	42.6	-5.41
AQP6	4.5e-04	1.0	41.8	-5.38
CLDN16	1.4e-07	2.1	86.3	-5.38
GCGR	1.6e-07	1.0	41.8	-5.38
PCK1	9.8e-06	18.8	772.6	-5.36
TMEM30B	5.2e-12	1.0	40.2	-5.33
RHBG	3.4e-08	1.0	40.1	-5.33
WNK4	6.9e-10	1.5	59.6	-5.32
ESRRB	1.0e-06	1.0	39.2	-5.29
CASR	5.6e-10	1.0	39.0	-5.29
ADH1C	8.9e-09	1.0	38.7	-5.28
LINC01762	2.4e-08	1.0	38.0	-5.25
HOXD10	1.6e-09	1.0	38.2	-5.25
PLPPR1	3.3e-13	1.0	38.2	-5.24
CYP4A22	1.1e-05	1.0	37.2	-5.22
SLC22A12	2.3e-05	13.5	502.5	-5.21
SLC22A7	3.0e-05	1.7	61.5	-5.20
SLC9A4	8.2e-14	1.0	36.8	-5.20
C7	5.3e-08	9.7	356.5	-5.20
NR0B2	2.0e-09	1.0	35.5	-5.15
PODXL	1.0e-08	10.5	367.8	-5.13
HEPACAM2	5.4e-10	1.0	34.6	-5.11
TNFAIP6	q<=2.5e-19	34.2	1.0	5.10
NELL1	7.1e-08	1.0	34.1	-5.09
TCF21	1.8e-11	1.0	33.0	-5.04
SLC9A3	4.2e-07	1.8	59.4	-5.04
HAO2	1.6e-06	11.0	359.9	-5.04
CKMT2	2.2e-14	1.1	35.4	-5.02
ASPDH	2.2e-07	4.2	135.2	-5.01
MECOM	3.6e-16	3.3	106.3	-5.00
PDE10A	1.3e-08	2.3	74.4	-4.99
MUC15	9.1e-07	1.0	31.6	-4.98
SLC7A8	6.7e-06	10.6	331.9	-4.97
MGAM	1.5e-04	1.0	31.2	-4.96
NFASC	2.5e-08	1.7	52.5	-4.96
BDKRB2	3.5e-09	1.0	30.9	-4.95
ADH1B	4.4e-08	1.6	48.6	-4.95
CYP17A1	5.9e-04	1.1	32.5	-4.94
NAT8L	1.0e-07	1.0	30.7	-4.94
L1CAM	5.4e-04	2.7	82.1	-4.93
PTGER1	4.1e-09	1.0	30.5	-4.93
PRR35	6.1e-11	1.0	30.0	-4.91
SOST	1.6e-07	1.0	30.1	-4.91
ANGPTL3	8.9e-06	1.0	29.5	-4.88
TCEAL2	6.7e-09	1.0	29.2	-4.87
ENPP6	2.6e-05	1.0	28.8	-4.85
AGMAT	3.9e-07	9.1	260.4	-4.83
NR4A1	5.0e-08	13.2	371.7	-4.82
AVPR2	1.6e-06	1.0	28.1	-4.81
IRX2	9.2e-09	1.0	28.0	-4.80
RNF186	1.2e-04	1.0	27.4	-4.78
ECRG4	1.6e-07	2.7	73.6	-4.78
WT1	8.6e-07	1.0	27.1	-4.76
AGXT	1.6e-05	1.0	26.7	-4.74
HS6ST2	3.6e-08	1.0	26.8	-4.74
TREM2	q<=2.5e-19	66.2	2.5	4.73
NR4A3	4.9e-07	1.0	27.0	-4.72
CCL18	4.0e-14	26.4	1.0	4.72
F11	1.6e-09	1.0	25.5	-4.67
TEK	7.4e-18	2.0	50.1	-4.66
GPC3	3.4e-09	4.8	120.8	-4.65
MME	2.7e-06	8.2	205.5	-4.65
EMCN	3.8e-15	3.7	91.3	-4.64
ARG2	5.9e-05	2.8	69.0	-4.63
DDN	3.0e-07	1.0	24.3	-4.60
MFSD4A	1.7e-06	6.8	162.7	-4.59
SLC4A9	3.4e-07	1.0	24.1	-4.59
FOLR3	1.0e-09	1.0	24.1	-4.59
SLC5A2	5.2e-05	1.0	24.0	-4.58
IGFBP5	1.3e-13	39.5	929.8	-4.56
TSPAN7	8.1e-16	3.9	91.5	-4.56
APLNR	3.6e-08	1.7	40.8	-4.56
STRA6	8.8e-05	1.0	23.4	-4.55
HSPB7	2.7e-04	1.2	27.7	-4.54
AFAP1L2	6.0e-08	2.3	53.6	-4.52
LINC01874	1.2e-04	1.0	22.8	-4.51
TMEM207	4.8e-05	1.0	22.7	-4.51
PLA2G4F	4.4e-16	1.0	22.9	-4.51
SLC52A3	9.9e-10	1.1	25.1	-4.50
HAMP	q<=2.5e-19	22.5	1.0	4.49
ANK2	1.6e-08	4.1	92.1	-4.48
SMIM5	5.8e-09	1.9	43.5	-4.48
LINC00839	1.6e-06	1.0	22.3	-4.48
AQP3	8.1e-07	32.3	719.1	-4.48
UPP2	9.9e-06	1.5	32.0	-4.43
CPAMD8	2.7e-06	1.4	29.4	-4.42
THY1	2.8e-12	8.0	169.1	-4.41
APOH	5.5e-05	1.0	21.0	-4.39
AHNAK2	q<=2.5e-19	21.0	1.0	4.39
DNER	3.5e-05	1.7	35.0	-4.37
UGT3A1	3.9e-08	3.0	62.7	-4.37
PRLR	3.1e-06	2.4	48.8	-4.37
USP9Y	7.8e-06	1.0	20.7	-4.37
NUPR2	5.2e-13	1.0	20.6	-4.36
RNF152	1.8e-08	3.9	80.9	-4.36
LYPD6B	3.8e-05	1.0	20.4	-4.35
TFAP2B	3.6e-10	1.0	20.2	-4.33
STC1	2.9e-06	4.3	86.9	-4.33
DAO	9.9e-06	6.0	120.1	-4.33
CHRDL1	2.1e-06	1.0	19.9	-4.32
GRIK5	4.4e-09	1.0	19.9	-4.31
MPPED2	4.0e-09	1.0	19.7	-4.30
B4GALNT3	2.1e-11	1.1	21.6	-4.30
EHF	1.5e-05	1.0	19.7	-4.30
MAPK4	3.9e-10	1.0	19.6	-4.29
ERICH4	1.3e-06	1.0	19.6	-4.29
IRX1	1.4e-06	1.0	19.5	-4.29
RERGL	2.0e-08	1.0	19.4	-4.28
CNTN6	q<=2.5e-19	19.2	1.0	4.27
BHMT	8.0e-06	27.2	526.0	-4.27
MAB21L4	2.2e-05	1.0	19.3	-4.27
CNTN1	3.8e-12	1.0	19.3	-4.27
CHIT1	6.7e-13	19.1	1.0	4.26
TMEM178A	7.2e-13	3.1	58.3	-4.25
TDGF1	2.6e-05	1.0	19.0	-4.25
SLC7A13	1.6e-04	1.0	18.9	-4.24
RALYL	1.4e-08	1.0	18.8	-4.23
CPN2	4.7e-04	1.0	18.8	-4.23
ADGRF5	1.4e-11	6.0	111.5	-4.22
SEMA3G	1.7e-13	2.7	50.8	-4.22
ATP1B2	7.1e-11	1.3	24.4	-4.22
DPEP1	4.7e-05	33.5	620.5	-4.21
LINC00645	7.6e-10	1.0	18.1	-4.18
SHISA3	5.7e-07	3.5	62.5	-4.17
DACH1	5.2e-09	1.0	18.1	-4.17
EIF1AY	7.6e-06	2.4	42.8	-4.17
LRRN2	3.3e-08	1.6	27.9	-4.16
SLC14A1	4.3e-04	1.0	17.7	-4.15
GPX3	1.5e-05	843.5	14963.8	-4.15
CGNL1	6.4e-15	10.0	176.6	-4.14
NHLRC4	1.6e-09	1.0	17.7	-4.14
IL1RL1	2.2e-05	1.5	26.0	-4.13
FGF9	1.1e-07	1.0	17.6	-4.13
SLC34A2	8.5e-13	293.7	16.8	4.13
BSND	1.2e-11	1.0	17.4	-4.12
CRB2	2.4e-06	1.0	17.4	-4.12
SUSD2	8.8e-06	5.7	98.6	-4.11
C3	1.2e-06	432.7	25.1	4.11
NTRK2	1.0e-06	2.3	39.0	-4.11
SIM2	2.0e-05	1.4	23.6	-4.11
DOC2A	q<=2.5e-19	17.2	1.0	4.10
CEL	1.0e-06	1.0	17.0	-4.09
PCDH1	9.3e-15	5.1	87.0	-4.09
TMEM45B	1.6e-08	3.0	50.2	-4.08
DCN	1.4e-11	12.2	207.8	-4.08
DRAIC	4.8e-05	2.7	45.1	-4.07
SDS	q<=2.5e-19	17.0	1.0	4.06
INPP5J	4.7e-09	4.6	75.6	-4.05
PLN	1.2e-07	1.1	17.4	-4.04
NRK	1.7e-08	1.0	16.5	-4.04
DDX3Y	7.3e-06	2.4	39.1	-4.04
MRGPRF	1.0e-11	1.0	16.5	-4.04
SLC43A1	7.4e-09	1.5	24.4	-4.02
HNF4A-AS1	3.1e-06	1.0	16.2	-4.01
PRSS22	5.6e-04	1.0	16.1	-4.01
SLC7A9	9.8e-05	4.5	72.5	-4.01
TNNC1	1.4e-12	1.8	29.8	-4.01
DOC2B	3.3e-09	1.0	16.2	-4.01
PDGFRA	3.8e-08	1.0	16.0	-4.00
CWH43	8.4e-09	1.2	19.5	-4.00
MAN1C1	2.9e-10	4.3	68.7	-3.99
RANBP3L	5.8e-05	1.0	15.8	-3.98
CNKSR1	4.8e-07	1.0	15.7	-3.97
TRPV6	3.3e-08	1.0	15.6	-3.97
CYP4F3	3.8e-04	1.4	21.4	-3.96
KLK7	1.2e-06	1.0	15.5	-3.96
TNFSF9	q<=2.5e-19	15.5	1.0	3.96
PLCL1	2.2e-11	3.3	50.8	-3.96
CLEC3B	2.1e-12	4.9	74.8	-3.95
VSTM2L	q<=2.5e-19	20.7	1.3	3.95
ATP6V1C2	3.1e-09	1.0	15.4	-3.94
SORCS2	1.6e-06	1.0	15.4	-3.94
EPN3	2.3e-07	1.0	15.1	-3.92
MRO	4.0e-06	1.1	16.7	-3.92
COL14A1	2.9e-07	2.0	30.0	-3.91
TSPAN5	2.8e-06	1.0	15.0	-3.90
MYH11	4.2e-04	4.6	69.5	-3.90
PCOLCE2	1.6e-06	3.4	50.2	-3.89
CYP2B6	1.3e-05	1.0	14.7	-3.88
PSORS1C1	q<=2.5e-19	24.1	1.6	3.88
DNASE1L3	8.0e-12	4.4	64.4	-3.87
ADH6	1.1e-05	3.3	48.4	-3.87
CXCL6	2.2e-13	32.1	2.2	3.86
TFPI2	q<=2.5e-19	253.3	17.5	3.86
APOC3	2.1e-04	1.0	14.5	-3.86
HPGD	2.1e-08	4.3	61.3	-3.85
FCN3	5.4e-05	2.0	28.2	-3.85
PAK6	6.2e-18	1.0	14.4	-3.85
ITGAX	q<=2.5e-19	24.9	1.7	3.84
GPAT3	1.3e-08	8.9	127.8	-3.84
ERP27	1.3e-07	4.3	61.7	-3.84
CYP8B1	1.4e-05	1.9	26.3	-3.83
ITGA8	1.8e-10	1.2	17.0	-3.82
ASPHD1	q<=2.5e-19	33.2	2.3	3.82
SEMA6D	1.1e-07	2.1	29.9	-3.81
DPYS	2.8e-05	17.9	251.8	-3.81
TFAP2A	4.6e-08	1.0	14.0	-3.81
SYT7	1.1e-06	1.0	14.0	-3.81
PROZ	1.9e-05	1.0	13.9	-3.80
RNF150	1.7e-12	1.2	16.6	-3.80
KHK	6.7e-06	11.9	164.2	-3.79
GATA3-AS1	6.6e-07	1.0	13.7	-3.78
CA10	5.0e-11	1.0	13.7	-3.77
TMEM246-AS1	3.6e-07	2.4	32.2	-3.76
KDR	1.5e-12	3.5	47.1	-3.76
FAM107A	1.3e-11	6.2	84.4	-3.76
GGACT	2.6e-07	4.3	58.0	-3.75
HSPA2	1.3e-05	12.2	164.9	-3.75
ITIH5	3.2e-15	4.1	55.1	-3.75
LINC01020	1.5e-07	1.0	13.5	-3.75
GABRB3	5.3e-11	1.0	13.4	-3.74
PRDM16	6.0e-08	1.0	13.4	-3.74
PDE2A	4.7e-19	2.0	26.2	-3.74
GATA2	3.6e-08	2.7	36.6	-3.74
MYO3B	5.4e-09	1.0	13.3	-3.73
TIMP3	4.7e-16	42.2	561.4	-3.73
GRAMD1B	2.3e-07	1.3	16.7	-3.72
LMOD1	2.5e-05	1.2	15.7	-3.71
ASS1	5.0e-06	161.0	2095.5	-3.70
TSPAN2	1.3e-10	1.0	13.0	-3.70
GP2	6.3e-05	1.0	13.0	-3.70
TYRP1	2.4e-05	1.0	13.0	-3.69
PPP1R16B	5.3e-06	2.5	31.6	-3.68
BMPR1B	9.4e-08	1.0	12.8	-3.68
LOC100130691	3.9e-06	1.3	16.9	-3.67
ANGPTL1	1.1e-09	1.2	15.8	-3.67
KCNQ1	9.4e-13	7.1	90.5	-3.67
GNA14	1.5e-15	1.1	13.7	-3.66
SPON2	q<=2.5e-19	390.9	30.9	3.66
TMPRSS3	5.5e-05	1.0	12.6	-3.66
GHR	2.2e-12	1.4	17.8	-3.66
PTPRB	1.3e-15	2.0	25.2	-3.66
LHX1	5.6e-05	1.0	12.5	-3.65
NNMT	q<=2.5e-19	301.5	24.0	3.65
SLC26A4	1.3e-04	1.0	12.4	-3.64
PGGHG	9.8e-17	117.5	9.5	3.63
LINC01606	3.9e-08	1.0	12.4	-3.63
APOD	2.1e-06	4.7	57.9	-3.63
ANGPT1	5.8e-13	1.0	12.3	-3.62
GJA5	7.2e-15	2.2	27.7	-3.62
ERBB4	8.7e-09	1.0	12.3	-3.62
CDA	1.6e-10	2.9	35.3	-3.60
EPB41L4B	6.7e-11	1.0	12.1	-3.60
GRHL2	6.3e-10	1.0	12.0	-3.59
FOLH1	1.3e-06	1.0	12.0	-3.58
VIL1	1.5e-05	1.6	18.9	-3.58
SEZ6L2	q<=2.5e-19	125.1	10.5	3.57
NR4A2	2.3e-04	3.5	42.0	-3.57
AGTR1	1.6e-12	1.0	11.8	-3.56
SLC22A13	4.0e-05	1.0	11.7	-3.55
OVCH2	2.9e-11	1.0	11.7	-3.55
CPNE7	8.3e-15	11.7	1.0	3.55
HOXD3	2.8e-10	1.5	17.2	-3.54
TYRO3	2.9e-06	1.4	15.9	-3.53
PLAT	q<=2.5e-19	12.6	145.7	-3.53
SPTBN2	1.2e-07	6.0	68.5	-3.52
MIOX	3.2e-05	121.1	1386.5	-3.52
TMTC1	3.4e-17	1.9	21.6	-3.52
PLA2R1	4.8e-07	2.6	29.3	-3.51
SLC23A3	4.1e-05	2.2	25.2	-3.51
TBX2	7.1e-13	6.2	69.4	-3.49
EXOC3L2	q<=2.5e-19	3.2	35.8	-3.49
DPP6	4.1e-05	1.0	11.2	-3.48
PARM1	1.5e-11	7.2	80.6	-3.48
TUBAL3	1.9e-05	1.0	11.1	-3.48
GPC5	9.6e-07	1.0	11.1	-3.48
SLIT3	2.9e-09	2.3	25.4	-3.48
DAAM2	6.1e-15	1.0	11.4	-3.47
PKLR	3.4e-05	4.2	46.5	-3.46
SLC38A3	3.3e-04	1.0	11.0	-3.46
PDZD2	8.1e-09	1.0	10.9	-3.45
RPS4Y1	1.8e-04	34.4	377.4	-3.45
A1CF	7.7e-06	1.0	10.9	-3.44
IL1R2	2.9e-06	1.8	19.7	-3.43
NES	9.9e-13	8.0	86.1	-3.43
ATP12A	1.5e-06	1.0	10.8	-3.43
TMEM61	1.7e-07	1.0	10.7	-3.42
TTTY14	3.2e-05	1.0	10.7	-3.41
ST6GALNAC3	6.8e-09	1.0	10.6	-3.41
ALOX5	q<=2.5e-19	71.3	6.7	3.41
LOC101927972	q<=2.5e-19	14.1	1.3	3.40
VCAN	q<=2.5e-19	94.9	9.0	3.40
AGXT2	4.7e-05	25.7	271.8	-3.40
SLC9A2	3.6e-10	1.0	10.5	-3.39
AVPR1A	4.3e-06	1.0	10.4	-3.38
PLA2G12B	1.0e-04	1.0	10.4	-3.37
NR2F1	8.6e-12	3.1	31.8	-3.36
EEF1A2	3.6e-19	35.8	3.5	3.36
BTBD11	1.5e-05	1.0	10.3	-3.36
SLC26A9	1.3e-05	1.1	10.8	-3.36
GPM6A	8.2e-09	1.0	10.3	-3.36
PRAME	q<=2.5e-19	18.4	1.8	3.36
MT1X	2.6e-05	14.3	145.4	-3.35
APCDD1L	1.2e-08	1.0	10.2	-3.35
SLC30A2	1.4e-04	2.9	29.6	-3.35
AOC3	2.1e-08	3.9	39.2	-3.35
MT1F	4.3e-07	66.3	670.6	-3.34
RAMP3	5.8e-14	12.3	123.6	-3.33
CACNA1H	1.4e-07	1.8	18.0	-3.33
SLC6A20	q<=2.5e-19	26.2	2.6	3.33
SCEL	1.0e-18	10.0	1.0	3.33
MYCT1	2.8e-17	1.7	16.5	-3.32
NR1I3	1.0e-06	1.0	10.4	-3.32
SLC16A5	6.4e-05	5.8	57.6	-3.31
ESRRG	1.2e-12	4.3	42.9	-3.31
ADAMTSL2	3.8e-12	4.2	40.9	-3.30
LOC105374428	1.4e-09	1.1	11.3	-3.30
SUSD4	6.5e-07	5.0	48.8	-3.30
SERPINA4	1.2e-05	1.0	9.8	-3.29
LINC02432	8.3e-06	1.5	14.6	-3.29
KCNK13	3.6e-08	1.5	15.0	-3.28
LINC02471	q<=2.5e-19	90.1	9.3	3.28
FAM222A	4.6e-11	2.0	19.3	-3.28
AQP5-AS1	1.4e-06	1.0	9.6	-3.27
HK2	q<=2.5e-19	24.3	2.5	3.27
TOX	1.2e-13	1.1	10.4	-3.26
TBX3	1.4e-07	1.4	13.7	-3.26
CHAC1	1.6e-06	1.9	18.1	-3.26
SLC8A1	1.2e-06	1.0	9.5	-3.25
ARHGEF15	q<=2.5e-19	1.9	17.9	-3.25
SPOCK2	5.0e-08	17.6	167.3	-3.25
CYP4X1	1.5e-12	1.0	9.5	-3.25
PLCG2	1.6e-04	4.3	40.9	-3.25
CLDN14	1.0e-04	1.7	16.2	-3.24
IGFBP6	q<=2.5e-19	490.8	52.2	3.23
GAD1	2.5e-06	1.0	9.4	-3.23
MAP6	3.1e-13	1.7	16.2	-3.23
TFCP2L1	1.1e-15	12.1	113.0	-3.22
GALNT15	6.8e-09	1.7	15.6	-3.22
KMO	5.7e-05	1.2	11.0	-3.22
LILRB4	q<=2.5e-19	13.0	1.4	3.20
PIK3C2G	3.9e-11	1.0	9.2	-3.20
PRELP	2.0e-06	3.4	30.8	-3.19
ADAMTSL1	1.3e-10	1.0	9.1	-3.19
MYOZ1	1.3e-13	1.0	9.1	-3.19
RHEX	q<=2.5e-19	198.3	21.8	3.19
MUC20	6.3e-06	6.6	60.3	-3.18
MUC13	9.5e-04	2.9	26.5	-3.18
TMEM163	q<=2.5e-19	28.2	3.1	3.18
SCG5	1.2e-17	9.0	1.0	3.17
IL13RA2	3.2e-07	1.0	9.0	-3.17
NTNG1	1.3e-06	1.0	9.0	-3.17
LOC100506444	1.5e-05	1.0	9.0	-3.17
KIT	3.0e-06	2.9	26.0	-3.17
LINC00511	q<=2.5e-19	10.0	1.1	3.16
SYNPO2	3.6e-05	2.2	19.3	-3.16
CUBN	2.4e-04	14.2	125.2	-3.14
LRRN4	q<=2.5e-19	60.5	6.9	3.14
PCK2	1.5e-05	50.9	449.4	-3.14
EFEMP1	1.4e-06	12.4	109.3	-3.14
NOTCH3	1.5e-09	6.3	55.0	-3.13
GSTM3	4.3e-06	12.8	111.8	-3.13
EFS	1.3e-07	1.0	8.7	-3.13
LRRC2	3.9e-12	1.0	8.8	-3.13
LYVE1	1.7e-07	1.6	13.6	-3.13
IYD	4.0e-05	1.9	16.5	-3.13
FREM1	3.8e-12	2.9	25.4	-3.13
KLHL3	2.7e-07	1.4	12.4	-3.12
ERVMER34-1	1.1e-08	1.0	8.7	-3.12
EGR3	2.8e-04	1.2	10.9	-3.12
WNT9B	8.0e-05	1.0	8.7	-3.12
NIPAL1	5.1e-07	1.0	8.6	-3.10
FOS	7.3e-06	93.9	806.4	-3.10
PTPRO	8.7e-06	6.1	52.5	-3.10
ARSF	1.4e-04	1.0	8.6	-3.10
ROBO4	2.8e-17	3.8	32.6	-3.10
ERG	q<=2.5e-19	2.2	18.9	-3.10
PLPP4	1.9e-14	1.0	8.5	-3.09
GPIHBP1	1.2e-06	3.0	25.5	-3.09
CYP27B1	8.6e-04	3.8	32.3	-3.09
CD34	4.7e-19	8.3	70.6	-3.09
ALPL	1.2e-05	11.5	97.8	-3.08
ALDH6A1	1.8e-06	30.7	259.2	-3.08
EPHB3	1.1e-06	1.0	8.5	-3.08
PDK4	4.9e-05	22.8	192.0	-3.08
ERFE	8.0e-17	14.2	1.7	3.07
CREB5	q<=2.5e-19	32.4	3.9	3.07
COL4A6	7.5e-11	1.0	8.4	-3.07
FHL1	q<=2.5e-19	715.3	85.2	3.07
APCDD1L-DT	3.6e-07	1.0	8.3	-3.06
ADORA3	q<=2.5e-19	8.9	1.1	3.06
CXCL12	1.4e-09	40.1	334.0	-3.06
IGFBP2	3.7e-12	32.5	270.8	-3.06
SELP	9.6e-10	1.9	16.3	-3.06
LOC105370792	1.1e-18	8.3	1.0	3.05
ACSF2	2.4e-06	34.6	286.5	-3.05
FAM245A	2.4e-10	1.0	8.3	-3.05
SLC7A7	2.1e-04	29.5	244.2	-3.05
PI16	2.8e-05	1.0	8.3	-3.05
APBB1IP	q<=2.5e-19	69.4	8.5	3.04
HAVCR1	q<=2.5e-19	74.0	9.0	3.04
LPL	2.5e-06	5.2	43.0	-3.04
SLC5A11	5.1e-05	1.0	8.2	-3.04
OSCAR	q<=2.5e-19	8.1	1.0	3.03
SLC25A25	2.6e-06	7.0	57.3	-3.03
LINC01485	8.8e-04	1.0	8.2	-3.03
KIF26A	1.3e-07	1.0	8.2	-3.03
LOC101928596	3.3e-08	1.0	8.2	-3.03
BCL6B	1.5e-12	2.0	16.6	-3.02
CEACAM1	3.7e-13	4.2	34.5	-3.02
PON3	1.1e-05	1.0	8.1	-3.02
TREH	1.4e-05	3.3	26.7	-3.01
HOXD8	1.3e-17	12.1	97.6	-3.01
GPR27	2.2e-04	1.0	8.1	-3.01
F3	2.9e-08	3.2	25.8	-3.01
NUGGC	1.3e-06	1.0	8.0	-3.00
MEIS2	q<=2.5e-19	1.9	15.4	-3.00
SORD	4.8e-07	7.4	59.3	-3.00
CRABP1	1.1e-06	1.0	8.0	-3.00
SNORD99	q<=2.5e-19	8.0	1.0	3.00
ADRA2C	1.1e-09	3.2	25.4	-3.00
ENPP7	5.8e-04	1.2	9.8	-2.99
DDC	5.2e-05	47.1	371.5	-2.98
NUAK2	2.5e-10	11.1	87.6	-2.98
KDM5D	7.8e-05	1.7	13.6	-2.98
PSAT1	7.4e-05	17.4	137.5	-2.98
NOS3	2.2e-10	2.1	16.8	-2.98
NR2F1-AS1	2.1e-13	1.0	7.9	-2.98
CD300LG	2.0e-08	1.0	7.9	-2.98
APLP1	3.2e-05	1.0	7.9	-2.98
HGFAC	q<=2.5e-19	7.9	1.0	2.98
SCTR	1.5e-04	1.8	14.1	-2.98
LDB2	5.9e-19	5.5	42.9	-2.97
DLL1	5.0e-04	1.3	9.9	-2.97
RAB42	8.8e-08	10.9	1.4	2.97
ESPN	3.0e-07	5.4	42.4	-2.97
LTBP1	4.9e-07	3.8	29.8	-2.96
TBXA2R	1.1e-09	1.3	10.0	-2.96
CDHR1	2.0e-07	7.8	1.0	2.96
FRMD1	5.7e-07	1.0	7.8	-2.96
FLT4	4.0e-17	3.4	26.7	-2.96
GPRC5B	4.6e-17	12.5	97.3	-2.96
LAD1	2.3e-13	7.7	59.5	-2.96
RAPGEF4	7.6e-12	1.0	7.8	-2.96
IL17RE	9.6e-08	1.9	14.7	-2.95
TNNI1	7.3e-09	1.0	7.7	-2.95
CYYR1	5.2e-14	3.4	26.1	-2.95
SYNDIG1	2.6e-11	1.6	12.0	-2.95
FYB2	1.7e-06	1.0	7.7	-2.95
PLA2G7	q<=2.5e-19	7.7	1.0	2.95
C3orf85	4.0e-04	1.0	7.7	-2.95
TCIM	5.9e-04	16.7	129.1	-2.95
UTY	7.0e-06	1.0	7.7	-2.95
EFHD1	2.5e-16	64.9	500.2	-2.95
TENT5B	2.2e-04	1.9	14.3	-2.94
CLDN11	3.7e-06	1.0	7.7	-2.94
TIE1	1.2e-11	5.6	42.5	-2.93
FBP1	7.8e-07	36.0	273.8	-2.93
MCOLN3	1.5e-07	1.0	7.7	-2.93
LINC00671	1.5e-04	3.1	23.5	-2.92
RAMP1	3.8e-04	2.7	20.5	-2.92
CA12	1.7e-10	80.9	612.6	-2.92
TFF3	9.5e-04	1.2	9.1	-2.92
HSPA12B	6.0e-12	2.0	15.5	-2.92
ADORA2A-AS1	1.2e-05	1.1	8.5	-2.91
LTBP2	6.1e-09	2.8	21.1	-2.90
SPHK1	q<=2.5e-19	26.3	3.5	2.90
CORO6	q<=2.5e-19	7.5	1.0	2.90
S1PR3	8.0e-11	3.1	23.3	-2.89
APCDD1	6.1e-05	1.6	11.6	-2.89
ST6GAL1	1.9e-08	36.8	270.3	-2.88
LINC00924	3.4e-06	1.4	10.4	-2.88
CD70	3.5e-19	7.4	1.0	2.88
ADTRP	6.8e-05	1.0	7.3	-2.87
SLC2A12	1.1e-10	1.0	7.3	-2.87
CCDC78	q<=2.5e-19	7.4	1.0	2.87
ADGRF1	5.6e-06	7.6	55.9	-2.87
SLC5A3	7.0e-06	6.4	46.7	-2.86
SLFN13	q<=2.5e-19	16.3	2.3	2.86
NRN1	4.7e-10	2.0	14.8	-2.86
LBX2	q<=2.5e-19	7.3	1.0	2.86
APOM	2.2e-05	37.3	268.3	-2.85
SNAI2	9.8e-14	1.7	12.2	-2.85
SNAP25	q<=2.5e-19	12.9	1.8	2.84
DIPK1B	8.2e-09	1.3	9.3	-2.84
SOX18	1.8e-10	4.1	29.0	-2.84
RPH3AL-AS1	9.0e-11	1.0	7.1	-2.84
TMEM204	1.9e-13	9.5	67.9	-2.83
FLT1	6.0e-11	9.1	64.4	-2.83
DIRAS1	7.8e-06	1.3	8.9	-2.82
COL23A1	q<=2.5e-19	30.3	4.3	2.82
EDNRA	4.7e-11	1.2	8.2	-2.82
ODF3B	q<=2.5e-19	69.8	9.9	2.81
EGR2	4.9e-04	3.1	21.6	-2.81
LAMC3	9.9e-09	2.0	14.2	-2.81
HPCAL4	2.5e-05	1.0	7.0	-2.81
GSTM5	1.8e-04	1.0	7.2	-2.81
SLC22A23	2.1e-10	2.1	14.9	-2.80
SVEP1	2.5e-05	1.0	7.0	-2.80
SLC5A10	7.1e-04	4.7	32.5	-2.80
ASPN	2.1e-10	1.4	9.8	-2.80
SULT1C4	q<=2.5e-19	226.5	32.5	2.80
TCEAL7	8.4e-08	1.1	7.3	-2.79
GPR155	2.6e-09	2.7	19.0	-2.79
GAS1	2.5e-11	2.0	14.1	-2.79
DDR2	4.9e-09	1.0	6.9	-2.79
COL9A2	7.5e-07	5.5	37.8	-2.79
DLGAP1	7.6e-12	9.0	1.3	2.79
DENND2A	3.1e-06	3.0	20.7	-2.79
MTTP	2.1e-05	1.0	6.9	-2.79
DACT3	1.3e-05	1.2	7.9	-2.78
LINC02188	q<=2.5e-19	22.1	3.2	2.78
PDE3A	1.9e-10	1.0	6.8	-2.77
MFSD6L	1.2e-11	1.0	6.8	-2.77
HSPB6	2.6e-04	1.3	8.6	-2.76
SLC37A2	q<=2.5e-19	8.9	1.3	2.76
PTGS2	5.1e-04	1.0	6.8	-2.76
IQGAP2	2.3e-07	11.9	80.3	-2.76
CDKN2A	q<=2.5e-19	6.7	1.0	2.75
SYT12	q<=2.5e-19	6.7	1.0	2.75
AZGP1	1.1e-04	54.9	370.8	-2.75
DUSP26	3.5e-07	1.0	6.7	-2.75
EBF1	2.1e-13	1.0	6.7	-2.75
MRAP2	4.1e-09	1.0	6.8	-2.75
GLTPD2	1.6e-05	3.4	22.9	-2.75
CTSV	2.9e-05	1.4	9.6	-2.75
WNT10A	2.6e-04	1.0	6.8	-2.75
MTURN	6.6e-10	15.7	105.0	-2.74
NPNT	8.7e-08	19.4	129.5	-2.74
ELN	1.8e-05	4.5	30.2	-2.74
CDH6	q<=2.5e-19	160.6	24.0	2.74
LINC01780	5.9e-08	1.0	7.0	-2.74
TYMP	q<=2.5e-19	105.4	15.8	2.74
C1orf226	1.3e-12	2.5	16.8	-2.73
SOCS2	4.4e-10	5.2	34.1	-2.73
MGAT3	2.1e-06	1.0	6.6	-2.73
SFN	2.1e-08	36.9	5.6	2.73
SERPINE2	q<=2.5e-19	437.8	66.5	2.72
PF4V1	q<=2.5e-19	8.1	1.2	2.72
SYCE1L	q<=2.5e-19	18.2	2.8	2.72
ITM2A	1.1e-11	7.2	47.4	-2.72
SH3BP5	1.9e-11	2.1	13.5	-2.71
AKR1C2	7.2e-14	26.1	4.0	2.71
HEPH	9.0e-11	1.4	9.3	-2.71
HRC	2.6e-11	1.0	6.5	-2.71
TPK1	q<=2.5e-19	54.3	8.3	2.71
SLC45A1	1.5e-08	1.5	9.8	-2.71
LINC01781	q<=2.5e-19	43.0	6.6	2.71
LNX1	2.7e-10	3.0	19.8	-2.70
PTGFR	3.6e-08	1.0	6.4	-2.69
NR3C2	1.5e-17	5.0	32.5	-2.69
EHD3	8.6e-08	8.0	51.5	-2.69
CPED1	7.3e-09	1.7	10.8	-2.69
ROR2	8.0e-04	1.0	6.7	-2.69
SSTR2	1.3e-07	1.0	6.4	-2.68
CYFIP2	2.3e-09	46.5	298.2	-2.68
CDH16	6.4e-13	234.1	1485.4	-2.67
ADCY4	1.1e-07	1.9	12.2	-2.67
TPSAB1	9.4e-09	18.3	2.9	2.67
ALDH4A1	1.2e-05	104.6	662.8	-2.66
HECW1	2.4e-05	1.0	6.3	-2.66
FBLN1	4.4e-04	15.1	95.6	-2.66
SFXN2	1.5e-06	5.3	33.3	-2.65
TAGLN	2.9e-04	15.0	94.1	-2.65
RASGRF2	4.8e-17	1.0	6.3	-2.65
MMP11	q<=2.5e-19	39.3	6.2	2.65
MMRN2	3.4e-13	8.4	52.8	-2.65
SYP	1.9e-10	1.3	7.9	-2.64
GPR4	1.7e-10	1.8	11.4	-2.64
PRAM1	q<=2.5e-19	8.1	1.3	2.64
PDLIM2	9.6e-10	6.7	41.7	-2.64
ARAP3	6.6e-16	2.2	13.7	-2.64
CHI3L2	6.6e-09	8.3	1.3	2.64
IGSF11	1.9e-04	1.0	6.4	-2.64
DNM1	q<=2.5e-19	83.2	13.4	2.63
UCN	q<=2.5e-19	6.2	1.0	2.63
RGS1	q<=2.5e-19	105.3	16.9	2.63
PXDN	q<=2.5e-19	69.3	11.3	2.62
SMIM24	6.3e-06	126.3	776.4	-2.62
FGL2	7.9e-08	16.4	100.7	-2.62
NPR3	5.4e-06	17.2	105.8	-2.62
RASIP1	6.8e-12	3.4	20.7	-2.62
AMIGO2	3.1e-05	2.7	16.4	-2.61
ENOX1	1.1e-07	1.0	6.1	-2.61
ANXA13	q<=2.5e-19	51.4	8.4	2.61
ARHGAP28	1.1e-09	2.6	15.6	-2.61
PDGFRB	1.4e-10	9.4	57.6	-2.61
PRSS35	1.7e-05	1.0	6.1	-2.61
LY86	q<=2.5e-19	27.1	4.5	2.60
CCDC3	2.2e-05	3.1	19.0	-2.60
LUM	3.3e-05	19.3	117.4	-2.60
PLCXD3	5.3e-06	1.0	6.1	-2.60
RDH12	4.4e-04	1.0	6.1	-2.60
ADGRA2	1.5e-10	1.8	10.8	-2.60
CSGALNACT1	2.1e-08	2.8	16.7	-2.59
LGI2	9.6e-04	1.0	6.0	-2.59
LMX1B	7.1e-06	1.0	6.0	-2.59
C11orf96	2.1e-04	7.8	46.8	-2.59
EGFL7	1.3e-09	14.7	88.4	-2.59
ADGRL4	1.2e-12	4.0	24.3	-2.59
SMIM10L2B	q<=2.5e-19	1.7	10.0	-2.58
ITPR1	2.5e-14	5.1	30.4	-2.58
RBP5	1.1e-04	154.8	926.8	-2.58
CES3	1.8e-04	3.2	19.2	-2.58
LMO3	1.3e-05	1.0	6.0	-2.58
C9orf24	4.5e-10	1.6	9.8	-2.58
MEG3	8.3e-05	1.4	8.3	-2.58
CLEC18B	8.9e-05	3.0	17.7	-2.57
NAGS	4.1e-10	3.3	19.8	-2.57
CRYAB	q<=2.5e-19	9817.8	1654.1	2.57
APOLD1	6.2e-06	5.4	31.8	-2.57
CERNA2	q<=2.5e-19	31.0	5.2	2.57
AKR1C1	5.8e-16	78.3	13.3	2.56
PEAR1	9.9e-16	1.8	10.6	-2.56
SLC16A2	1.7e-13	6.5	38.3	-2.56
FRZB	2.0e-06	5.2	30.5	-2.56
F13A1	8.3e-04	5.3	31.2	-2.56
SOX17	3.1e-06	1.1	6.6	-2.56
KLHL14	7.5e-07	1.7	10.2	-2.56
AOX1	4.0e-04	21.6	127.7	-2.56
ETNK2	1.1e-06	14.6	86.0	-2.56
SOWAHA	1.2e-12	2.2	13.0	-2.56
FAM184A	1.0e-09	1.1	6.7	-2.56
CLDN10	6.4e-13	23.5	138.6	-2.56
SIRLNT	8.0e-05	1.0	5.9	-2.56
CDH5	3.2e-17	7.7	45.3	-2.56
PCDH9	4.3e-09	1.0	5.8	-2.55
EGR1	4.7e-06	96.9	561.2	-2.54
DPYSL3	3.2e-05	3.2	18.4	-2.54
LRRC4	9.2e-11	1.0	5.8	-2.54
CDK5RAP3	q<=2.5e-19	9.5	1.6	2.54
HOXB-AS3	6.7e-08	8.7	50.5	-2.54
CLDN1	q<=2.5e-19	147.1	25.5	2.53
ACSM1	q<=2.5e-19	10.2	1.8	2.53
ARHGAP22	q<=2.5e-19	5.8	1.0	2.53
LETR1	8.6e-08	1.4	8.2	-2.52
TM4SF5	5.5e-04	6.0	34.6	-2.52
RHOBTB3	9.5e-11	8.0	45.7	-2.52
KCNC4	3.7e-07	3.9	22.2	-2.52
PCDH12	q<=2.5e-19	2.8	15.9	-2.52
ENO2	q<=2.5e-19	78.3	13.8	2.51
PID1	1.6e-08	1.2	6.7	-2.51
PTGIS	8.9e-05	1.8	10.5	-2.51
DNM3	1.5e-09	1.0	5.7	-2.50
DNASE1	3.7e-06	18.2	102.8	-2.50
APLN	3.7e-07	2.7	15.3	-2.50
PLCH2	1.9e-04	2.3	13.2	-2.50
SLC25A34	5.2e-08	1.9	10.7	-2.50
PTH1R	2.8e-06	100.1	568.2	-2.50
GJA4	4.4e-09	6.8	38.2	-2.49
KCTD15	3.6e-07	2.6	14.6	-2.49
MARCO	1.6e-14	6.0	1.1	2.49
MYLK	2.3e-14	11.9	66.8	-2.49
MRLN	2.4e-04	1.0	5.6	-2.49
ATP1A2	5.2e-10	1.0	5.6	-2.49
EPAS1	3.1e-14	54.3	305.5	-2.49
SAMD11	2.7e-04	2.2	12.4	-2.49
TBX2-AS1	2.5e-07	2.9	16.1	-2.49
CCN2	7.6e-10	81.2	452.6	-2.48
PTGER4	9.4e-11	3.3	18.3	-2.48
IFI27	q<=2.5e-19	1137.7	203.9	2.48
ZFY	1.6e-06	1.0	5.6	-2.48
FAM167A	3.9e-11	4.2	23.6	-2.48
PVT1	q<=2.5e-19	5.7	1.0	2.48
CSTA	6.1e-06	8.5	1.5	2.48
USHBP1	3.3e-10	1.0	5.5	-2.47
PLVAP	2.5e-11	41.3	228.5	-2.47
DRC7	q<=2.5e-19	8.6	1.5	2.47
ZNF521	3.9e-10	1.0	5.5	-2.47
APOBR	q<=2.5e-19	8.8	1.6	2.47
EDA2R	q<=2.5e-19	11.1	2.0	2.47
IGSF6	q<=2.5e-19	11.9	2.2	2.46
TRIM9	q<=2.5e-19	6.2	1.1	2.46
SELENOM	5.5e-10	42.9	236.0	-2.46
BTNL9	2.5e-06	2.7	14.7	-2.46
RAB7B	q<=2.5e-19	5.5	1.0	2.46
PCSK6	6.9e-05	1.0	5.5	-2.45
MSRA	3.3e-06	42.2	231.1	-2.45
TMSB4Y	1.3e-05	1.0	5.5	-2.45
S1PR1	8.1e-14	7.6	41.6	-2.45
ARMH4	8.9e-09	5.0	27.3	-2.45
GIPC3	1.0e-12	1.0	5.5	-2.45
UBE2C	2.3e-15	9.1	1.7	2.45
TMSB10	q<=2.5e-19	7916.2	1454.4	2.44
SELENOP	2.7e-09	28.0	151.6	-2.44
MUC3A	q<=2.5e-19	5.4	1.0	2.44
PBLD	5.9e-07	56.0	303.1	-2.44
RBP2	2.1e-05	1.0	5.4	-2.44
HBEGF	5.7e-07	9.4	51.3	-2.44
RAP1GAP	2.2e-05	36.2	195.1	-2.43
STOX1	8.5e-11	1.0	5.4	-2.43
BCL2A1	q<=2.5e-19	9.7	1.8	2.43
CDH11	1.6e-04	1.5	7.9	-2.43
LEF1	1.3e-07	1.0	5.4	-2.43
MFAP4	1.4e-05	15.2	82.3	-2.43
PNPLA1	5.7e-06	1.0	5.4	-2.43
EYA4	3.9e-05	1.0	5.4	-2.43
PRR7	q<=2.5e-19	7.6	1.4	2.42
OXGR1	1.7e-08	1.0	5.4	-2.42
GIMAP6	q<=2.5e-19	5.7	30.4	-2.42
TYROBP	q<=2.5e-19	264.0	49.3	2.42
CDT1	q<=2.5e-19	6.2	1.2	2.42
C1QTNF7	1.4e-09	1.0	5.3	-2.42
ASAP2	1.7e-16	6.0	31.8	-2.41
SLC16A10	7.8e-08	1.0	5.3	-2.41
PARVG	q<=2.5e-19	8.4	1.6	2.41
GPRIN1	q<=2.5e-19	5.3	1.0	2.41
SLC23A1	6.4e-05	11.0	58.6	-2.41
E2F1	q<=2.5e-19	5.7	1.1	2.41
HSF4	q<=2.5e-19	24.1	4.5	2.41
PLEKHN1	q<=2.5e-19	5.3	1.0	2.40
USP2	1.1e-07	23.2	122.3	-2.40
HSD17B14	6.2e-04	23.8	125.3	-2.40
SLC38A4	3.8e-05	1.0	5.3	-2.40
CDKN1C	1.5e-08	28.0	147.6	-2.40
HRH1	q<=2.5e-19	18.0	3.4	2.40
C6	q<=2.5e-19	11.0	2.1	2.40
HS6ST1	7.9e-07	15.4	81.1	-2.40
DOCK8-AS1	2.0e-05	4.8	25.2	-2.39
DCHS1	3.0e-12	1.3	6.9	-2.39
FBLN7	q<=2.5e-19	15.2	2.9	2.39
BRSK1	q<=2.5e-19	6.5	1.2	2.39
SLC9A3R2	8.9e-14	44.3	232.5	-2.39
SELENBP1	1.6e-13	54.5	284.6	-2.39
GIMAP8	2.3e-16	3.7	19.1	-2.38
CLNK	1.4e-04	1.0	5.2	-2.38
PINLYP	1.2e-07	5.4	28.1	-2.38
LINC00173	q<=2.5e-19	11.6	2.2	2.38
LRRC32	5.1e-11	19.2	100.0	-2.38
UBE2QL1	1.4e-06	1.0	5.2	-2.38
CYP3A5	9.6e-16	60.5	11.7	2.38
PPP1R14A	4.6e-07	10.4	53.9	-2.38
FLRT1	1.3e-05	1.0	5.2	-2.38
CCN1	1.1e-07	73.3	379.0	-2.37
GOLT1A	1.6e-05	4.6	23.9	-2.37
MIR100HG	3.8e-11	1.6	8.2	-2.37
ITGA11	5.3e-08	1.0	5.2	-2.37
GPD1	2.8e-04	47.9	247.0	-2.37
PLPP2	q<=2.5e-19	51.0	9.9	2.37
CSF3R	q<=2.5e-19	13.7	2.7	2.37
PRKG1	2.8e-12	1.3	6.6	-2.37
CXCL1	4.2e-13	26.8	5.2	2.37
NXPH2	6.1e-06	1.0	5.2	-2.37
CCM2L	5.2e-09	1.0	5.2	-2.37
GPT	1.3e-05	10.7	54.8	-2.36
NOTCH4	2.4e-08	3.8	19.5	-2.36
RNASE1	2.7e-10	77.4	396.4	-2.36
GBP4	3.7e-16	4.1	21.1	-2.36
LINC02121	8.3e-04	1.0	5.1	-2.36
HS3ST2	7.3e-08	5.1	1.0	2.36
BHLHE41	q<=2.5e-19	41.4	8.1	2.36
RCAN1	4.6e-12	63.8	325.8	-2.35
ADAMTS5	1.0e-03	1.0	5.1	-2.35
INMT	2.2e-07	3.2	16.4	-2.35
SSC4D	2.0e-04	1.7	8.5	-2.35
ASB15	2.6e-04	1.0	5.1	-2.35
ECHDC3	2.9e-12	36.1	184.0	-2.35
ADGRG5	2.4e-04	2.2	11.4	-2.34
SNED1	3.0e-13	1.1	5.8	-2.34
VDR	5.1e-06	8.5	43.3	-2.34
CCDC88B	q<=2.5e-19	11.3	2.2	2.34
FCGR1A	q<=2.5e-19	5.0	1.0	2.33
MIR34AHG	q<=2.5e-19	5.0	1.0	2.33
C2orf72	2.9e-05	1.0	5.0	-2.33
TCF7L1	3.4e-12	4.5	22.7	-2.33
MEI4	1.6e-12	1.0	5.0	-2.33
ANXA1	q<=2.5e-19	616.8	122.3	2.33
JCAD	7.0e-13	3.2	16.3	-2.33
RIPOR3	3.2e-05	4.0	20.0	-2.32
BTK	1.0e-09	7.2	1.4	2.32
GABRA2	9.5e-08	1.0	5.0	-2.32
GRB14	1.1e-11	8.0	40.1	-2.32
CACHD1	4.1e-08	2.1	10.3	-2.32
CRACR2A	q<=2.5e-19	5.0	1.0	2.32
BBC3	q<=2.5e-19	37.9	7.6	2.31
THSD7A	2.4e-10	3.5	17.6	-2.31
PDE1C	2.6e-07	1.0	5.0	-2.31
CNGA1	8.4e-05	1.0	5.0	-2.31
CD248	5.4e-08	4.8	23.7	-2.31
ADGRF3	9.8e-06	1.0	5.0	-2.31
JAM2	2.8e-07	2.6	12.8	-2.31
PEBP4	9.0e-06	1.0	4.9	-2.31
GLYATL1	1.8e-05	42.7	211.7	-2.31
KCNJ12	2.6e-06	1.0	4.9	-2.31
GCNT4	2.8e-10	1.8	8.7	-2.31
KCNJ3	1.2e-09	6.2	30.5	-2.30
DMGDH	8.1e-08	30.0	147.5	-2.30
RAMP2	1.4e-13	20.0	98.9	-2.30
RNF212B	1.2e-04	1.0	4.9	-2.30
CERKL	8.0e-11	1.1	5.6	-2.30
FSTL4	7.3e-08	1.0	4.9	-2.29
STAC3	q<=2.5e-19	10.2	2.1	2.29
IQSEC3	6.5e-05	1.0	4.9	-2.29
F11-AS1	3.4e-07	1.0	4.9	-2.29
CCND2	q<=2.5e-19	57.7	11.8	2.29
FOXI2	7.3e-05	1.0	4.9	-2.29
FGD5	1.3e-11	5.9	28.8	-2.29
OLFML1	2.9e-08	2.2	10.5	-2.28
ACADSB	9.6e-09	20.6	99.9	-2.28
VAT1L	7.8e-04	1.0	4.9	-2.28
LAIR1	4.9e-19	12.7	2.6	2.28
PHGDH	3.0e-09	32.6	158.2	-2.28
ATP6V1FNB	q<=2.5e-19	18.5	3.8	2.27
SUSD3	4.0e-06	12.3	59.5	-2.27
MOXD1	1.8e-05	7.8	37.4	-2.27
ABAT	3.3e-05	25.4	122.1	-2.27
LINC01612	6.9e-09	1.0	4.8	-2.27
FCER1G	q<=2.5e-19	123.6	25.6	2.27
TIMP1	q<=2.5e-19	1142.9	236.5	2.27
OLIG1	1.8e-07	1.0	4.8	-2.27
LINGO1	5.5e-06	1.0	4.8	-2.27
SCUBE3	1.3e-06	1.0	4.8	-2.27
ABCC3	q<=2.5e-19	91.4	18.9	2.27
ZMYND10	q<=2.5e-19	24.3	5.1	2.26
TPSB2	1.5e-05	19.3	4.0	2.26
PGM5	2.1e-08	6.6	31.8	-2.26
AMPH	1.5e-04	1.0	4.8	-2.26
CCBE1	8.1e-09	1.0	4.8	-2.26
CLEC14A	4.1e-10	8.5	40.8	-2.26
ARHGAP40	q<=2.5e-19	8.4	1.8	2.26
GGT5	1.0e-06	13.9	66.8	-2.26
MDK	q<=2.5e-19	192.6	40.3	2.26
SH3BP4	2.0e-11	16.0	75.7	-2.25
MCUB	q<=2.5e-19	15.5	3.3	2.25
SATB2-AS1	q<=2.5e-19	12.4	2.6	2.25
MSC	6.5e-09	19.1	4.0	2.25
SYNPO	1.1e-10	19.4	92.4	-2.25
CD93	1.7e-13	9.5	45.3	-2.25
TGFBR3	1.6e-11	11.3	53.6	-2.25
CD300LF	q<=2.5e-19	4.7	1.0	2.25
CAMK1G	1.3e-07	1.0	4.9	-2.25
PANK1	7.4e-12	5.1	24.3	-2.25
OGN	6.1e-05	1.0	4.7	-2.24
NTF3	5.0e-10	1.0	4.7	-2.24
SMOC2	5.5e-04	3.5	16.4	-2.24
TTC36	2.3e-07	1.0	4.7	-2.24
PEPD	3.3e-06	180.9	846.3	-2.23
LINC02499	6.4e-05	1.0	4.7	-2.23
CGN	1.0e-12	10.7	50.5	-2.23
BCO2	q<=2.5e-19	8.3	1.8	2.23
PAMR1	1.7e-04	1.5	7.0	-2.23
SAA1	5.7e-06	11.7	2.5	2.23
INSRR	7.8e-05	1.0	4.7	-2.23
FOXC2	2.2e-13	1.0	4.7	-2.23
NAP1L2	4.2e-15	3.6	16.9	-2.23
RGS5	3.9e-06	27.9	131.3	-2.23
SGSM1	4.8e-09	1.2	5.7	-2.22
CCSER1	1.4e-13	1.0	4.7	-2.22
LSP1	3.6e-12	42.5	9.1	2.22
TMEM158	2.9e-06	1.0	4.7	-2.22
LINC01503	3.6e-07	14.6	68.0	-2.22
AK4	1.2e-05	31.2	144.3	-2.21
FXYD6	4.4e-19	7.6	35.1	-2.21
CLDN3	q<=2.5e-19	438.8	94.8	2.21
HHLA2	q<=2.5e-19	37.1	8.0	2.21
SLC1A3	2.0e-18	7.1	1.5	2.21
UNC5B	1.1e-04	3.7	17.0	-2.21
PWRN1	9.1e-04	1.0	4.6	-2.21
CTH	2.4e-09	4.9	22.5	-2.21
FCGR2B	2.7e-18	11.0	2.4	2.20
NPY1R	7.6e-10	9.2	42.4	-2.20
HOXA3	q<=2.5e-19	31.8	6.9	2.20
MUC1	9.5e-05	130.1	599.2	-2.20
CRYBG3	1.4e-12	1.2	5.6	-2.20
RIN1	q<=2.5e-19	7.7	1.7	2.20
BCAM	3.9e-12	223.2	1023.8	-2.20
THRB	3.7e-12	3.7	17.1	-2.20
CA2	3.9e-09	155.5	712.7	-2.20
STARD8	2.0e-11	8.3	38.3	-2.20
FAM110D	4.5e-07	1.0	4.6	-2.20
CLUL1	1.0e-07	1.0	4.6	-2.19
SH2D3C	1.8e-15	6.4	29.2	-2.19
LINC00494	q<=2.5e-19	5.4	1.2	2.19
JAK3	9.9e-14	10.0	2.2	2.19
HS3ST1	1.8e-17	29.8	6.5	2.19
ITGA9	2.6e-12	1.7	7.9	-2.19
ADRA2A	3.6e-04	1.0	4.6	-2.19
CLMN	2.7e-18	7.7	35.3	-2.19
STMN3	q<=2.5e-19	104.7	22.9	2.19
TOP2A	2.2e-13	4.6	1.0	2.19
PLD4	1.3e-09	6.0	1.3	2.19
ANXA9	4.3e-17	17.3	78.4	-2.18
MT1E	4.8e-05	93.8	424.9	-2.18
FUT1	5.9e-12	1.0	4.5	-2.18
SLC16A7	3.2e-07	4.6	20.7	-2.18
MET	q<=2.5e-19	242.2	53.5	2.18
TEDC2	q<=2.5e-19	6.5	1.4	2.18
PRSS23	1.6e-14	21.3	95.6	-2.17
C15orf48	4.5e-15	8.1	1.8	2.17
COLEC11	2.9e-04	10.9	49.2	-2.17
GSTT2B	4.1e-04	2.4	10.8	-2.17
OVOL1	5.2e-08	2.3	10.5	-2.17
SLC2A5	8.6e-04	9.3	41.6	-2.17
LINC01213	2.1e-04	1.0	4.5	-2.17
HSPG2	8.1e-11	16.0	72.1	-2.17
GALNT5	q<=2.5e-19	4.5	1.0	2.16
CSPG4	8.3e-06	1.7	7.6	-2.16
MIR6859-1	1.4e-11	5.4	1.2	2.16
CDH13	1.0e-07	1.0	4.5	-2.16
TMEM178B	q<=2.5e-19	13.4	3.0	2.16
CHST2	3.8e-07	3.0	13.2	-2.16
PKNOX2	9.1e-07	1.0	4.5	-2.16
TPST2	9.6e-14	7.1	31.7	-2.16
ATP1A1	3.5e-12	395.2	1754.8	-2.15
QRFPR	q<=2.5e-19	7.8	1.8	2.15
PCAT19	7.5e-10	1.0	4.5	-2.15
PRKCE	2.7e-10	3.7	16.6	-2.15
TNFRSF12A	q<=2.5e-19	831.3	187.9	2.15
PRKN	5.2e-12	5.8	25.5	-2.14
SLC25A42	2.8e-06	14.0	62.0	-2.14
LINC02313	q<=2.5e-19	4.4	1.0	2.14
HAGHL	q<=2.5e-19	34.1	7.7	2.14
ECM2	7.2e-08	4.7	20.5	-2.14
PPP1R36	3.6e-04	1.0	4.4	-2.14
ASF1B	q<=2.5e-19	6.9	1.6	2.14
ZNF710-AS1	1.3e-11	28.2	123.8	-2.14
SERPINI1	5.7e-08	6.4	28.0	-2.13
SNAI1	1.4e-04	1.8	7.7	-2.13
LNCTAM34A	q<=2.5e-19	4.5	1.0	2.13
NCF1	3.9e-19	12.7	2.9	2.13
ACTA2	8.8e-04	31.2	136.6	-2.13
GINS2	q<=2.5e-19	5.6	1.3	2.13
DYSF	3.8e-15	5.3	23.1	-2.13
