Gene	FDRAdjustedP-value	CancerSampleMed	NormalSampleMed	|log2FC|
CA1	1.3e-04	1.0	1938.9	-10.92
DPEP1	5.3e-15	309.8	1.0	8.28
GUCA2B	4.7e-04	1.0	231.5	-7.86
CLDN8	1.2e-06	1.0	146.2	-7.19
CA7	3.4e-05	1.0	122.3	-6.93
GUCA2A	8.0e-05	18.0	2059.6	-6.84
CA2	7.2e-06	22.3	2041.0	-6.52
FOXQ1	q<=1.5e-18	75.4	1.0	6.24
KRT23	1.3e-04	71.1	1.0	6.15
CLDN2	2.2e-07	63.5	1.0	5.99
MT1M	6.6e-04	5.0	302.2	-5.93
MMP7	1.9e-08	55.8	1.0	5.80
ETV4	q<=1.5e-18	135.0	2.5	5.76
SCARA5	7.5e-05	1.3	62.9	-5.59
ADH1C	5.9e-06	9.2	376.1	-5.35
CLDN1	q<=1.5e-18	80.1	2.0	5.34
C11orf86	4.7e-04	1.7	69.5	-5.32
CDH3	q<=1.5e-18	54.4	1.4	5.30
SFRP1	1.0e-03	1.0	39.1	-5.29
SCGN	2.7e-04	1.0	36.4	-5.18
CWH43	4.0e-04	1.1	37.5	-5.07
MT1H	9.2e-04	5.8	181.3	-4.96
MMP3	1.2e-06	34.1	1.1	4.92
CEMIP	7.3e-18	43.9	1.5	4.84
CST1	1.1e-05	27.1	1.0	4.76
FABP6	9.1e-16	26.8	1.0	4.74
NOTUM	6.8e-05	25.5	1.0	4.67
CLEC3B	3.3e-05	4.0	99.7	-4.65
VSIG2	3.1e-05	16.6	417.8	-4.65
MMP1	1.6e-06	55.3	2.3	4.58
CFD	1.4e-04	11.8	276.7	-4.55
KRT80	8.5e-17	22.3	1.0	4.48
ADAMDEC1	3.2e-05	16.2	344.8	-4.41
CPNE7	8.8e-10	21.1	1.0	4.40
MMRN1	6.4e-04	1.0	20.0	-4.32
C16orf89	6.0e-04	1.0	19.4	-4.28
MMP28	8.0e-05	4.1	78.6	-4.26
VWA2	2.3e-18	20.8	1.1	4.26
UGT2A3	1.2e-05	4.7	89.2	-4.25
C2orf88	6.8e-04	2.9	55.0	-4.25
TMEM72	8.0e-04	1.0	18.8	-4.24
TESC	6.3e-18	121.0	6.6	4.19
GPR15	3.7e-04	1.0	18.3	-4.19
PDX1	q<=1.5e-18	18.1	1.0	4.18
PKIB	1.9e-04	7.9	141.5	-4.17
MMP11	2.2e-05	134.7	7.7	4.14
C6orf223	9.1e-10	17.3	1.0	4.11
GRIN2D	q<=1.5e-18	16.0	1.0	4.00
CEL	1.6e-04	15.9	1.0	3.99
NKD2	5.9e-18	27.6	1.7	3.98
INHBA	2.8e-12	15.5	1.0	3.95
LARGE2	q<=1.5e-18	39.4	2.6	3.94
SULT2B1	q<=1.5e-18	28.6	1.9	3.93
ELFN1-AS1	3.4e-13	20.7	1.4	3.91
GLDN	3.7e-04	1.0	15.1	-3.90
AZGP1	q<=1.5e-18	174.5	11.7	3.90
GSTM5	6.3e-04	1.4	20.9	-3.89
CHP2	5.8e-05	21.1	302.8	-3.85
HOXB8	9.1e-15	30.4	2.1	3.84
CHI3L1	2.7e-11	40.0	2.9	3.79
LINC02418	3.4e-13	13.7	1.0	3.78
TRIB3	q<=1.5e-18	84.3	6.2	3.77
PRSS22	1.6e-07	44.1	3.2	3.77
CASC19	q<=1.5e-18	126.0	9.4	3.75
ASCL2	q<=1.5e-18	165.5	12.4	3.74
EPHX4	q<=1.5e-18	13.1	1.0	3.71
SLC51B	8.1e-04	9.7	124.2	-3.67
COL10A1	8.1e-06	12.5	1.0	3.64
TMEM100	3.9e-04	1.0	12.3	-3.62
CBX2	1.8e-17	13.0	1.1	3.62
RBM24	2.3e-04	1.0	12.0	-3.59
PADI2	5.8e-04	22.0	262.8	-3.58
CP	5.8e-06	1.0	11.8	-3.56
DUOXA2	3.2e-06	15.5	1.3	3.54
GHR	7.6e-05	1.3	14.6	-3.54
PITX2	q<=1.5e-18	11.6	1.0	3.54
SULT1A2	1.0e-03	2.0	23.5	-3.54
POU5F1B	1.4e-14	11.6	1.0	3.53
SIM2	q<=1.5e-18	11.4	1.0	3.51
TDGF1	4.5e-18	38.9	3.5	3.48
IL1R2	4.8e-04	7.9	87.6	-3.47
NXPE4	5.7e-05	19.8	216.7	-3.46
ESM1	1.0e-17	11.0	1.0	3.46
GLP2R	8.9e-04	1.0	10.9	-3.45
CCNO	6.0e-13	10.8	1.0	3.44
MYEOV	3.2e-11	22.6	2.1	3.43
COMP	6.4e-06	10.7	1.0	3.42
EVA1A	5.2e-17	10.9	1.0	3.42
UGT1A10	5.9e-04	1.9	20.2	-3.41
CGREF1	q<=1.5e-18	40.4	3.9	3.37
MT1F	3.9e-04	30.7	314.7	-3.36
MIR3189	6.3e-09	10.2	1.0	3.34
PLAC8	4.6e-04	26.1	260.8	-3.32
PCSK9	1.4e-06	34.5	3.4	3.32
GPER1	4.3e-04	1.4	13.9	-3.31
HSD17B2	8.7e-04	9.0	88.9	-3.30
CHST5	5.1e-04	1.0	9.8	-3.30
CTHRC1	5.2e-11	52.3	5.4	3.29
COL11A1	5.5e-05	9.7	1.0	3.27
VSNL1	2.7e-15	29.4	3.1	3.26
SLCO4A1	q<=1.5e-18	57.6	6.0	3.26
C2CD4A	4.6e-12	9.5	1.0	3.25
MFSD4A	3.2e-05	5.1	48.5	-3.25
IGLL5	5.9e-04	1.0	9.5	-3.24
HAGLR	6.2e-05	2.5	23.4	-3.24
PABPC1L	7.1e-12	20.7	2.2	3.24
CYP2B6	1.0e-14	23.0	2.4	3.23
CIDEC	7.6e-04	2.4	22.4	-3.23
KLF4	4.1e-04	41.4	385.8	-3.22
TGFBI	2.3e-17	834.5	89.5	3.22
PLEKHS1	1.0e-04	20.6	2.2	3.21
PLAC9	8.8e-05	4.6	41.7	-3.19
ACKR1	2.4e-04	8.5	77.1	-3.18
TACSTD2	1.8e-04	13.2	1.5	3.18
CNTFR	9.1e-04	1.0	8.9	-3.16
TRIM29	6.2e-13	74.5	8.3	3.16
GNG7	2.2e-04	1.2	10.7	-3.15
SLCO4A1-AS1	3.5e-09	8.7	1.0	3.12
MDFI	q<=1.5e-18	18.4	2.1	3.11
STC2	1.2e-14	16.5	1.9	3.10
EDN3	9.6e-05	5.7	48.7	-3.09
SLC7A5	7.4e-15	94.2	11.1	3.09
NFE2L3	q<=1.5e-18	112.2	13.4	3.07
FAM189A1	3.8e-04	1.0	8.4	-3.06
HAPLN1	6.5e-07	1.1	9.2	-3.06
LGR5	1.4e-14	40.7	4.9	3.05
LDHD	2.5e-04	7.5	60.7	-3.03
GCNT2	7.4e-04	1.0	8.0	-3.01
MLXIPL	5.9e-09	31.4	3.9	3.00
TMPRSS13	7.0e-11	7.9	1.0	2.99
ENTPD8	5.5e-04	10.3	81.7	-2.98
SLC6A6	q<=1.5e-18	55.5	7.1	2.97
UCA1	2.4e-07	7.8	1.0	2.96
SP5	1.9e-11	11.2	1.4	2.96
PSAT1	2.4e-15	60.2	7.7	2.96
SLC9A2	1.6e-04	5.3	41.4	-2.96
AJUBA	q<=1.5e-18	19.9	2.6	2.95
CKB	3.3e-04	451.9	3472.9	-2.94
ZBTB7C	4.4e-04	4.7	35.7	-2.94
SNORA71B	2.1e-12	9.1	1.2	2.94
KLK6	2.5e-05	7.6	1.0	2.93
BBOX1-AS1	1.2e-11	7.6	1.0	2.92
SELENOP	1.6e-04	45.0	339.3	-2.92
MEX3A	5.4e-18	7.5	1.0	2.92
MAFG-DT	q<=1.5e-18	7.6	1.0	2.91
HPGD	3.0e-04	22.8	171.0	-2.91
GDPD5	4.5e-14	26.6	3.6	2.91
PVT1	q<=1.5e-18	19.9	2.6	2.91
NR3C2	9.6e-04	7.5	55.9	-2.90
SLC6A20	3.4e-09	7.4	1.0	2.89
LRRC19	2.6e-04	11.0	81.5	-2.89
COL7A1	1.5e-09	7.2	1.0	2.85
ANO5	4.9e-05	1.0	7.2	-2.84
MACC1	3.4e-18	23.6	3.3	2.83
CPM	1.0e-04	5.3	37.1	-2.82
ITM2A	1.0e-03	9.5	66.6	-2.81
SNORD3A	1.0e-04	21.6	3.1	2.80
IL6R	3.4e-04	4.4	30.4	-2.79
BMP5	3.9e-05	1.1	7.2	-2.77
TSPAN1	6.0e-04	318.0	2161.2	-2.77
LILRB5	4.6e-04	1.7	11.4	-2.76
CRYBA2	5.9e-04	1.0	6.8	-2.76
APLN	2.1e-09	6.8	1.0	2.76
VPS9D1-AS1	q<=1.5e-18	11.3	1.7	2.75
TNS4	3.2e-08	55.3	8.3	2.74
STRA6	1.4e-06	6.6	1.0	2.73
HKDC1	6.4e-11	50.4	7.6	2.73
RHPN1	1.7e-15	11.3	1.7	2.71
ADAMTS12	1.7e-10	6.5	1.0	2.71
GCNT3	3.4e-04	24.4	157.9	-2.69
SEMA6A	5.4e-04	6.3	41.0	-2.69
MIR647	2.5e-10	17.0	2.7	2.67
AGT	1.5e-15	26.7	4.2	2.67
EFNA5	8.4e-04	1.0	6.4	-2.67
SLC25A34	8.5e-04	1.0	6.3	-2.67
UNC5CL	2.2e-16	10.9	1.7	2.67
LINC01082	4.1e-04	1.0	6.4	-2.67
GNG4	1.0e-12	22.4	3.5	2.66
UGT1A8	4.8e-04	1.0	6.3	-2.66
MB	1.1e-04	2.5	16.0	-2.66
TENT5C	1.4e-04	6.3	40.0	-2.66
BARX2	6.1e-04	3.9	24.8	-2.66
MSX2	4.2e-09	6.3	1.0	2.65
SPTBN2	q<=1.5e-18	8.2	1.3	2.65
KLK10	1.0e-05	6.2	1.0	2.63
WNT2	2.1e-13	6.2	1.0	2.63
B3GALT1	5.4e-04	1.0	6.2	-2.63
GLIPR2	1.6e-04	16.3	100.7	-2.62
TP53INP2	6.7e-04	23.8	146.2	-2.62
ALDOB	3.0e-05	12.0	2.0	2.62
GABRE	3.5e-13	24.0	3.9	2.62
C2	q<=1.5e-18	34.7	5.7	2.61
CXCL1	1.3e-10	103.0	16.9	2.60
SP6	8.7e-14	15.1	2.5	2.60
PLCL2	3.0e-04	2.8	16.9	-2.59
GPR143	1.0e-17	12.6	2.1	2.59
ATOH1	1.0e-03	6.4	38.1	-2.58
SRPX2	2.5e-13	11.8	2.0	2.57
HILPDA	q<=1.5e-18	52.4	8.9	2.56
SCD	6.5e-14	270.5	45.8	2.56
FAM3B	2.4e-05	5.9	1.0	2.56
LCN2	1.5e-04	1029.4	174.2	2.56
MYOM3	1.2e-11	11.3	1.9	2.56
FRMD3	2.0e-04	3.8	22.2	-2.56
TMEM220-AS1	1.3e-05	1.0	6.0	-2.56
PRSS33	2.2e-05	5.9	1.0	2.56
ADAM12	5.5e-06	5.9	1.0	2.56
VSTM2A	1.9e-04	1.0	5.9	-2.55
ARID3A	1.4e-16	21.6	3.7	2.54
LRP8	4.7e-17	6.1	1.1	2.54
PRR36	8.9e-13	5.8	1.0	2.54
APOBEC1	1.6e-07	10.4	1.8	2.54
IFITM1	q<=1.5e-18	639.8	110.9	2.53
GTF2IRD1	q<=1.5e-18	66.7	11.6	2.52
XRCC2	q<=1.5e-18	5.7	1.0	2.51
AXIN2	q<=1.5e-18	89.5	15.8	2.50
SNORD14E	9.5e-09	5.7	1.0	2.50
LINC01605	2.9e-17	5.6	1.0	2.49
SMPDL3A	1.1e-04	25.4	141.1	-2.48
TMEM253	3.5e-04	1.0	5.6	-2.48
SEMA6D	9.9e-04	2.7	15.0	-2.48
SERPINB5	2.0e-04	41.5	7.5	2.47
TEAD4	3.5e-18	45.7	8.3	2.47
ITM2C	2.0e-04	486.8	2705.0	-2.47
METTL7A	4.8e-05	31.2	172.6	-2.47
SHH	1.4e-16	48.0	8.7	2.46
DACH1	9.1e-16	22.9	4.2	2.46
SPON1	4.2e-04	14.5	79.9	-2.46
ST3GAL4	7.8e-04	34.1	184.5	-2.44
HAGHL	9.7e-10	9.4	1.7	2.44
PRR7	3.2e-18	8.7	1.6	2.44
LINC00659	3.3e-07	5.4	1.0	2.43
CYSLTR1	5.1e-04	1.0	5.6	-2.43
XKRX	1.6e-12	5.5	1.0	2.43
CXCL11	2.7e-07	8.6	1.6	2.42
TSPAN7	2.0e-04	16.0	85.9	-2.42
MROH6	1.0e-10	15.8	3.0	2.42
TMEM238L	4.9e-04	1.1	6.1	-2.41
ACSL6	1.3e-07	5.3	1.0	2.41
ENTPD5	7.6e-04	26.7	140.8	-2.40
PGGHG	1.2e-09	24.3	4.6	2.40
SERPINE1	2.4e-04	24.9	4.8	2.39
SFRP4	3.1e-05	23.4	4.5	2.39
SKA3	6.3e-18	27.2	5.2	2.39
SRMS	1.1e-12	5.3	1.0	2.39
MSX1	1.1e-04	5.2	1.0	2.38
TCF7	8.0e-17	56.1	10.8	2.38
IL23A	1.7e-10	5.2	1.0	2.37
CPXM1	2.6e-09	13.1	2.6	2.36
ATP11A	q<=1.5e-18	28.2	5.5	2.36
PILRB	3.9e-07	5.1	1.0	2.36
CA9	7.4e-06	12.1	2.4	2.36
NKD1	1.5e-09	15.1	3.0	2.35
ANLN	3.2e-16	36.2	7.2	2.34
OLFM1	9.8e-04	4.1	20.6	-2.33
LPAR1	6.6e-04	5.4	27.0	-2.33
TUSC8	2.0e-14	24.7	4.9	2.33
MAPK15	1.9e-07	5.0	1.0	2.32
SLC17A9	1.6e-10	37.5	7.5	2.32
SLC12A9-AS1	3.1e-16	6.3	1.3	2.31
ST6GALNAC1	4.1e-04	68.6	340.1	-2.31
SNORD19C	2.5e-11	8.0	1.6	2.31
DBNDD1	q<=1.5e-18	26.4	5.3	2.31
GSN	3.9e-04	256.2	1258.1	-2.30
SPINK2	1.5e-04	1.0	4.9	-2.30
NDN	6.2e-04	9.9	49.0	-2.30
SNORD99	9.9e-15	8.6	1.8	2.29
SNHG17	2.9e-18	115.3	23.5	2.29
SFTA2	1.6e-06	4.9	1.0	2.29
PLEKHG4	q<=1.5e-18	19.4	4.0	2.29
FUT1	q<=1.5e-18	4.8	1.0	2.27
SLC7A11	3.4e-12	5.2	1.1	2.27
SPATA25	4.1e-16	4.9	1.0	2.27
AUNIP	7.0e-16	8.6	1.8	2.27
CDC25B	1.6e-18	126.4	26.1	2.27
ORC6	7.4e-18	25.1	5.2	2.27
MTHFD1L	5.8e-16	37.8	7.9	2.26
CLDN5	8.7e-04	6.7	32.2	-2.26
HTR1D	1.5e-10	4.8	1.0	2.26
CELSR3	q<=1.5e-18	4.7	1.0	2.25
SMKR1	3.7e-13	4.8	1.0	2.25
BGN	7.0e-11	222.4	46.9	2.25
EDAR	1.3e-08	7.5	1.6	2.24
DPF3	5.4e-04	1.0	4.7	-2.24
MFAP2	2.9e-12	26.7	5.6	2.24
TRPM2	4.1e-16	10.8	2.3	2.23
PHLDA1	1.5e-06	41.0	8.7	2.23
AKR1C2	9.5e-04	1.6	7.3	-2.22
EREG	8.8e-07	29.7	6.4	2.22
RGS9	5.5e-04	2.2	10.1	-2.22
TPX2	1.6e-12	115.0	24.7	2.22
EDIL3	4.6e-05	13.1	60.6	-2.21
CASC9	3.3e-11	15.6	3.4	2.21
FOXP4-AS1	q<=1.5e-18	12.4	2.7	2.21
RUNDC3B	3.2e-05	1.0	4.6	-2.21
RPL36A	1.5e-11	14.7	3.2	2.21
NEBL	q<=1.5e-18	41.5	9.0	2.20
SLC5A6	3.0e-16	92.4	20.1	2.20
TUSC3	6.4e-04	3.9	17.9	-2.20
HSPH1	8.5e-14	148.0	32.4	2.19
LRRC15	2.8e-04	4.6	1.0	2.19
KIAA1549	q<=1.5e-18	6.3	1.4	2.18
CAPN13	4.9e-06	7.9	35.9	-2.18
MIR3176	3.4e-11	7.5	1.7	2.18
SLC38A5	7.3e-16	116.5	25.7	2.18
ALKAL1	1.4e-12	4.5	1.0	2.18
ANKRD13B	9.7e-16	11.5	2.6	2.17
MIR4435-2HG	q<=1.5e-18	10.0	2.2	2.17
RHBDL2	3.4e-05	8.2	36.7	-2.16
UBE2C	3.7e-16	346.7	77.5	2.16
PCAT1	5.6e-16	4.5	1.0	2.16
COL27A1	7.4e-11	7.2	1.6	2.15
LZTS3	2.4e-18	22.0	5.0	2.15
COL1A1	7.4e-08	774.9	176.0	2.14
PDE3A	9.1e-04	4.9	21.7	-2.14
COL9A3	2.9e-06	15.7	3.6	2.14
FAP	2.0e-07	7.7	1.7	2.14
CPNE8	3.6e-06	4.2	18.4	-2.13
PBX4	6.7e-10	5.1	1.2	2.13
GRM8	4.9e-10	8.9	2.0	2.13
LEF1	1.7e-09	9.9	2.3	2.13
SHROOM4	q<=1.5e-18	10.4	2.4	2.12
TMEM132A	1.1e-17	24.5	5.6	2.12
SNTB1	8.4e-15	30.9	7.1	2.12
BMP7	2.9e-10	22.0	5.1	2.12
ACADS	5.3e-05	43.5	187.2	-2.11
DGAT2	q<=1.5e-18	27.9	6.5	2.11
CXCL3	5.3e-10	59.1	13.7	2.11
RDH5	3.0e-05	1.6	6.7	-2.11
INHBB	2.1e-06	5.7	1.3	2.11
AKAP5	2.1e-04	1.5	6.4	-2.10
SAPCD2	1.2e-07	30.4	7.1	2.10
PLA2G10	1.5e-04	10.6	45.5	-2.10
HDAC9	6.8e-04	1.6	6.8	-2.09
TNFAIP8L3	1.2e-04	2.9	12.3	-2.09
TOMM34	q<=1.5e-18	139.5	32.7	2.09
LIME1	1.2e-14	4.2	1.0	2.08
TIAM1	5.5e-04	1.0	4.3	-2.08
PPM1H	q<=1.5e-18	19.1	4.5	2.08
STC1	5.2e-12	11.2	2.6	2.08
RNF183	1.4e-14	4.2	1.0	2.07
FJX1	q<=1.5e-18	4.4	1.0	2.07
PROX1	1.2e-14	13.9	3.3	2.07
GRHL1	2.6e-12	4.2	1.0	2.06
SOX9	q<=1.5e-18	176.0	42.1	2.06
CBX8	q<=1.5e-18	11.2	2.7	2.06
SMIM6	1.1e-04	4.6	19.3	-2.06
TEX45	1.0e-16	4.2	1.0	2.06
OSBPL3	q<=1.5e-18	18.0	4.3	2.06
GALNT6	q<=1.5e-18	42.5	10.3	2.05
CDK5RAP3	2.0e-09	6.3	1.5	2.05
CCL20	4.2e-04	163.1	39.4	2.05
SPP1	2.9e-04	69.5	16.8	2.05
CD1D	9.8e-06	1.7	7.0	-2.04
CEP72	q<=1.5e-18	8.0	1.9	2.04
GPT2	6.5e-08	44.1	10.7	2.04
IER5L	2.2e-18	7.2	1.8	2.04
MNX1-AS1	2.0e-12	8.8	2.1	2.04
RECQL4	3.0e-15	23.0	5.6	2.04
TROAP	2.9e-11	28.4	6.9	2.04
GVQW3	4.0e-12	4.4	1.1	2.04
MAP7D2	2.2e-07	6.7	1.6	2.03
TMPRSS3	6.9e-08	9.3	2.3	2.02
TMEM147-AS1	3.3e-18	10.2	2.5	2.02
MIR6859-1	5.2e-11	4.4	1.1	2.02
TMCC3	9.5e-04	9.2	37.2	-2.01
SH3PXD2A-AS1	2.4e-12	4.0	1.0	2.01
SPTLC3	8.1e-04	1.1	4.5	-2.01
ITGA11	1.8e-07	6.9	1.7	2.00
ADAMTS2	1.3e-09	17.4	4.4	2.00
GPA33	7.6e-04	176.1	705.7	-2.00
GZMB	1.0e-09	18.6	4.7	2.00
IQGAP3	1.7e-08	27.7	6.9	2.00
KIAA0513	3.8e-04	4.5	18.1	-2.00
ZFAS1	9.7e-18	103.8	26.0	2.00
B4GALNT4	3.4e-09	4.7	1.2	1.99
CDCA7	6.2e-18	171.7	43.2	1.99
RCAN2	3.9e-04	6.4	25.2	-1.99
MSLN	1.5e-06	37.8	9.5	1.99
ARHGAP44	1.8e-04	7.6	30.1	-1.99
SLC39A10	q<=1.5e-18	20.5	5.2	1.99
PRKACB	1.1e-05	39.3	156.2	-1.99
KRTAP5-1	8.1e-13	4.0	1.0	1.99
AKAP7	1.5e-04	7.5	29.7	-1.99
ASGR1	3.6e-08	5.6	1.4	1.99
MAOA	3.4e-04	52.8	209.4	-1.99
LINC02441	1.7e-04	8.7	34.3	-1.98
TNNC2	3.6e-07	62.9	16.0	1.98
EVPL	1.2e-14	41.6	10.6	1.98
HSF4	1.7e-07	10.2	2.6	1.98
NMU	4.7e-07	8.1	2.1	1.98
SOX4	2.7e-18	93.0	23.6	1.98
ALG1L	8.0e-09	10.1	2.6	1.98
RHEBL1	q<=1.5e-18	4.2	1.1	1.98
SMOX	2.9e-16	29.2	7.5	1.97
SSTR1	9.2e-05	2.3	8.9	-1.97
EPB41L4A	3.3e-04	1.0	3.9	-1.96
SYNE4	3.5e-12	20.2	5.2	1.96
DNMT3B	8.9e-16	4.2	1.1	1.96
AMPD1	4.5e-04	1.0	3.9	-1.96
PLPP1	3.5e-05	26.6	103.6	-1.96
R3HDML	4.1e-11	3.9	1.0	1.95
EIF4E3	7.4e-04	4.3	16.6	-1.95
PDE6A	5.8e-04	1.0	3.9	-1.95
FBXO41	2.5e-17	6.8	1.8	1.95
TMEM211	4.1e-06	3.9	1.0	1.95
KRT6B	6.8e-04	3.8	1.0	1.94
PTK7	4.7e-17	60.5	15.7	1.94
KLHL35	3.8e-15	3.8	1.0	1.94
KLK1	4.7e-04	80.3	308.0	-1.94
MIR4664	8.2e-09	10.6	2.8	1.94
RASSF10	2.2e-09	4.9	1.3	1.94
GRHL3	3.3e-07	3.8	1.0	1.93
SMIM14	4.1e-07	24.2	92.0	-1.93
FGFRL1	7.5e-13	48.6	12.8	1.93
MIR429	1.7e-04	20.5	5.4	1.93
FRZB	7.9e-05	10.3	39.1	-1.92
RHEX	1.0e-03	1.0	3.8	-1.92
CXCL2	4.0e-07	40.1	10.6	1.92
EFNA3	5.7e-10	25.6	6.8	1.92
LEMD1	3.7e-07	3.7	1.0	1.91
ENGASE	2.7e-17	47.7	12.7	1.91
BRCA2	q<=1.5e-18	3.7	1.0	1.91
OTUB2	3.9e-13	4.0	1.1	1.91
SLC22A3	3.1e-14	21.2	5.6	1.91
FMO5	3.9e-04	19.6	73.5	-1.91
SYT7	2.0e-18	36.9	9.9	1.90
ASPHD1	3.3e-12	10.1	2.7	1.90
KIF12	6.3e-10	35.3	9.5	1.90
NR5A2	1.3e-04	5.9	22.0	-1.90
CYP27B1	q<=1.5e-18	3.8	1.0	1.90
PYCR1	1.1e-09	104.4	28.0	1.90
TOP1MT	q<=1.5e-18	92.5	24.7	1.90
KIF14	1.3e-12	4.8	1.3	1.90
MIR7111	6.6e-06	4.0	1.1	1.89
KAT2B	9.4e-04	6.2	22.9	-1.89
ERP27	1.1e-04	5.6	1.5	1.89
PID1	3.0e-06	17.5	64.8	-1.89
MYC	6.9e-13	168.0	45.3	1.89
FXYD5	q<=1.5e-18	277.9	75.0	1.89
GOLT1A	3.6e-07	33.4	9.0	1.88
ACAN	9.0e-14	3.7	1.0	1.88
RNF125	5.5e-04	3.1	11.3	-1.87
PMEPA1	3.4e-13	109.0	29.8	1.87
KIF20A	3.9e-07	20.4	5.6	1.87
CADPS	5.2e-11	8.3	2.3	1.87
SLC16A1-AS1	3.4e-11	7.4	2.0	1.86
PKP1	4.9e-07	3.6	1.0	1.86
TWNK	9.1e-15	29.9	8.2	1.86
TGIF2	3.5e-18	36.9	10.2	1.86
LDLRAD3	2.0e-18	13.1	3.6	1.86
MET	4.4e-10	75.4	20.7	1.86
PTP4A3	4.3e-09	47.6	13.2	1.85
RBBP8NL	2.6e-14	15.1	4.2	1.85
ATP6V1C2	4.2e-10	3.6	1.0	1.85
ZP3	3.2e-14	20.4	5.7	1.85
CCN4	1.7e-09	4.8	1.4	1.84
EGFL6	8.2e-13	3.6	1.0	1.84
GRAMD2A	8.3e-08	5.5	1.5	1.84
PLAU	7.9e-12	42.5	11.8	1.84
RUBCNL	2.2e-13	43.3	12.2	1.83
ECT2	8.4e-16	57.7	16.2	1.83
SLC13A3	2.1e-08	3.6	1.0	1.83
SALL4	2.3e-13	3.6	1.0	1.83
ENC1	1.0e-16	86.6	24.4	1.83
ABHD3	3.5e-04	30.9	109.2	-1.82
MST1	6.0e-08	4.1	1.1	1.82
TCN2	3.0e-05	18.7	66.2	-1.82
PUS7	1.1e-13	28.3	8.0	1.82
PODNL1	7.7e-12	3.7	1.0	1.81
SLC4A11	1.2e-09	3.5	1.0	1.81
PTGER4	5.1e-04	14.0	49.2	-1.81
RAB27A	6.5e-07	17.6	61.5	-1.81
WNT11	4.8e-07	14.8	4.2	1.81
PAQR4	2.7e-13	16.1	4.6	1.81
TRIP13	1.3e-12	30.4	8.7	1.80
KRT7	9.4e-05	3.5	1.0	1.80
STRIP2	6.8e-16	3.5	1.0	1.80
SNAI1	5.6e-09	9.1	2.6	1.80
CITED2	2.6e-04	26.4	92.3	-1.80
SELENBP1	1.0e-03	296.1	1026.5	-1.79
STAG3L5P-PVRIG2P-PILRB	2.4e-08	7.5	2.2	1.79
CENPF	5.8e-06	20.4	5.9	1.79
MIR17HG	6.5e-14	3.5	1.0	1.79
BCL2	5.0e-04	4.6	16.0	-1.79
AURKA	6.9e-13	64.7	18.7	1.79
MTBP	q<=1.5e-18	7.9	2.3	1.79
DNAAF11	2.2e-15	5.3	1.5	1.79
C4BPA	5.0e-06	3.5	1.0	1.79
LINC01748	5.8e-11	3.4	1.0	1.78
PDPN	2.9e-11	21.9	6.4	1.78
CFH	2.3e-04	14.8	50.9	-1.78
CPNE1	q<=1.5e-18	246.1	71.7	1.78
RETREG1	2.8e-04	24.9	85.7	-1.78
DIO2	1.0e-09	5.0	1.5	1.77
CYP4F3	1.5e-11	10.7	3.1	1.77
DHRS11	3.4e-04	49.9	170.0	-1.77
CCDC113	4.1e-16	5.5	1.6	1.77
ULBP3	1.1e-10	3.8	1.1	1.77
SLC11A1	4.3e-07	3.4	1.0	1.77
KHDC4	4.5e-13	47.9	14.1	1.77
PLCB4	4.9e-12	65.6	19.2	1.77
COL8A1	9.9e-06	18.6	5.5	1.76
VEGFA	2.0e-11	120.7	35.6	1.76
MIR4653	3.4e-06	12.3	3.6	1.76
NECTIN4	1.4e-10	10.9	3.2	1.76
LY6G6D	4.2e-09	3.4	1.0	1.75
RAB37	1.5e-04	3.6	12.2	-1.75
NAAA	5.1e-04	33.6	113.0	-1.75
S100A11	1.4e-16	1692.0	508.0	1.74
RIMKLA	3.0e-04	2.3	7.5	-1.74
SYNPR-AS1	1.3e-09	5.8	1.7	1.74
SNORA65	3.2e-12	6.1	1.8	1.74
SLC35D3	1.9e-05	3.3	1.0	1.74
LINC02487	9.9e-08	4.0	1.2	1.74
GOLGA7B	1.5e-10	3.3	1.0	1.73
CYP2W1	2.2e-06	25.6	7.7	1.73
FAM89A	2.6e-18	15.8	4.8	1.73
METTL27	8.6e-04	16.0	4.8	1.73
CXCL10	4.2e-06	27.8	8.4	1.73
LOXL2	6.7e-08	39.2	11.8	1.73
BYSL	9.8e-11	51.5	15.6	1.73
HJURP	5.1e-12	22.6	6.9	1.72
RPS10	2.6e-12	5.5	1.7	1.72
ASPM	1.3e-07	9.6	2.9	1.72
HSPD1	9.6e-17	899.6	273.5	1.72
CKAP2	q<=1.5e-18	50.5	15.3	1.72
MIR25	1.4e-10	10.9	3.3	1.71
KIF18B	3.5e-10	12.3	3.7	1.71
DKC1	2.4e-13	160.3	48.8	1.71
TRAF5	6.3e-11	39.6	12.1	1.71
TNFSF15	1.6e-15	6.5	2.0	1.71
PRR11	1.2e-07	9.5	2.9	1.71
LUCAT1	5.2e-04	3.3	1.0	1.71
SLC35E4	6.5e-05	17.7	5.4	1.70
SNHG12	1.3e-13	30.9	9.5	1.70
LINC01123	3.2e-06	3.9	1.2	1.70
HOMER1	5.1e-09	5.1	1.6	1.70
JAG2	1.4e-15	15.9	4.9	1.69
SOSTDC1	1.0e-03	6.7	21.7	-1.69
ASB9	2.3e-12	11.3	3.5	1.69
MYBL2	6.2e-14	108.5	33.7	1.69
GTF3A	1.7e-16	345.8	107.2	1.69
ESPL1	4.1e-06	10.7	3.3	1.69
DIAPH3	1.2e-09	12.7	3.9	1.69
BOP1	2.8e-12	109.8	34.1	1.69
SIAE	3.0e-04	29.3	94.5	-1.69
DHPS	3.7e-12	4.2	1.3	1.69
DDIAS	2.2e-17	7.2	2.2	1.68
ERCC6L	1.9e-10	5.9	1.8	1.68
HELZ2	1.6e-13	28.3	8.8	1.68
MRGBP	q<=1.5e-18	41.6	13.0	1.68
CBX4	7.7e-16	41.8	13.0	1.68
KCNN4	1.7e-07	122.2	38.1	1.68
E2F7	5.6e-17	3.4	1.1	1.68
LOC100505501	8.0e-04	1.0	3.2	-1.68
LINC00460	1.2e-04	3.2	1.0	1.68
UTP14A	q<=1.5e-18	56.9	17.7	1.68
SERPINF2	4.4e-09	6.3	2.0	1.67
RFC3	q<=1.5e-18	57.5	18.1	1.67
HIGD1A	9.3e-04	43.7	139.3	-1.67
KCNH8	1.3e-14	3.2	1.0	1.67
PLAGL2	q<=1.5e-18	56.2	17.7	1.67
SNHG15	q<=1.5e-18	87.6	27.6	1.66
PACC1	q<=1.5e-18	12.4	3.9	1.66
BFSP1	3.4e-10	3.9	1.2	1.66
NELFCD	q<=1.5e-18	198.5	62.6	1.66
DUSP15	4.1e-08	3.8	1.2	1.65
NUP62CL	4.4e-18	8.2	2.6	1.65
PMAIP1	7.2e-13	14.1	4.5	1.65
ZBTB12	6.8e-14	12.4	3.9	1.65
GTSE1	8.7e-08	17.7	5.7	1.65
MMP12	5.0e-06	46.6	14.8	1.65
ZC3HAV1L	4.8e-14	8.9	2.9	1.65
NAT2	1.1e-04	8.0	25.1	-1.65
TTC26	q<=1.5e-18	7.3	2.3	1.65
PODXL2	6.9e-12	58.2	18.5	1.65
TEDC2	2.9e-08	11.4	3.7	1.65
SNORD46	6.8e-09	4.3	1.4	1.64
NDRG2	3.3e-06	68.6	213.9	-1.64
CST2	2.5e-04	3.1	1.0	1.64
DDIT4	7.3e-07	42.3	13.6	1.64
ANOS1	1.8e-08	3.1	1.0	1.64
AHCY	7.1e-14	383.2	123.2	1.64
DSCC1	q<=1.5e-18	18.9	6.1	1.64
DPP10	7.8e-04	1.0	3.1	-1.64
CELSR1	1.4e-12	9.4	3.0	1.64
SLC25A23	1.9e-04	49.9	156.1	-1.64
SAMD10	q<=1.5e-18	18.6	6.0	1.63
FGFR4	1.6e-11	95.5	30.9	1.63
TFAP4	1.3e-10	38.6	12.4	1.63
ALDH4A1	1.1e-14	34.2	11.1	1.63
OVGP1	3.2e-16	7.4	2.4	1.63
EME1	1.7e-16	3.3	1.1	1.63
MIR4635	3.2e-08	3.3	1.1	1.63
KAT2A	q<=1.5e-18	64.7	20.9	1.63
CHAC1	9.2e-10	11.6	3.7	1.63
TTYH3	9.7e-17	98.1	31.7	1.63
EPHX2	1.3e-04	27.1	83.8	-1.63
NDNF	5.9e-04	4.6	14.2	-1.63
RPL10L	3.9e-04	1.0	3.1	-1.62
SNORD20	2.6e-05	3.1	1.0	1.62
TIMP1	9.7e-17	818.2	266.9	1.62
LHFPL5	4.5e-09	3.1	1.0	1.62
ADGRG1	7.4e-12	171.9	55.8	1.62
NQO1	6.4e-13	205.7	67.1	1.62
ADM2	7.3e-08	6.6	2.1	1.62
MELTF-AS1	2.8e-10	3.3	1.1	1.62
HGD	3.4e-04	10.3	31.7	-1.62
PDRG1	2.9e-13	51.4	16.8	1.61
PFDN4	2.3e-08	80.4	26.3	1.61
DLEU2	7.4e-09	5.4	1.8	1.61
ETV7	1.5e-16	18.9	6.2	1.61
TICRR	5.9e-10	4.8	1.6	1.61
C2orf15	4.5e-16	7.1	2.3	1.61
UGP2	5.7e-04	127.1	387.6	-1.61
METTL1	3.2e-06	34.2	11.2	1.61
FAM222A-AS1	2.3e-14	3.0	1.0	1.61
CDKN2A	5.6e-08	7.0	2.3	1.61
RMDN2	1.9e-04	7.8	23.7	-1.61
ACTL10	6.2e-08	7.3	2.4	1.61
ADAT2	1.8e-18	6.2	2.1	1.60
IRAK2	1.0e-06	10.8	3.6	1.60
OLR1	2.3e-07	3.0	1.0	1.60
APCDD1	1.7e-05	51.5	17.0	1.60
TFR2	1.4e-13	3.0	1.0	1.60
GDF15	1.7e-09	207.3	68.2	1.60
NR0B2	1.7e-09	5.3	1.8	1.60
RRP12	7.6e-05	38.5	12.7	1.60
LRRC36	5.1e-08	3.0	1.0	1.60
ARNTL2	1.0e-10	7.0	2.3	1.60
DUOX2	3.1e-04	35.0	11.6	1.60
REEP6	1.2e-08	33.1	11.0	1.60
PPAT	q<=1.5e-18	19.2	6.4	1.59
WDR4	1.7e-07	26.1	8.7	1.59
SNORD19	3.3e-08	3.0	1.0	1.59
CEP55	2.2e-07	43.5	14.4	1.59
DDX27	q<=1.5e-18	113.7	37.8	1.59
MHENCR	4.0e-12	17.6	5.8	1.59
C2orf27A	1.0e-05	6.0	2.0	1.59
PKMYT1	6.2e-08	30.8	10.2	1.59
NUF2	1.8e-11	26.3	8.7	1.59
EXO1	9.6e-11	10.6	3.5	1.58
ZDHHC9	2.3e-17	102.7	34.3	1.58
NOD2	7.8e-12	3.1	1.0	1.58
CDCA3	9.9e-09	46.9	15.7	1.58
LINC01978	2.7e-10	3.0	1.0	1.58
SNORD100	9.1e-07	8.7	2.9	1.58
GRAMD1A	2.3e-17	78.9	26.4	1.58
LMTK3	5.1e-17	3.0	1.0	1.58
KRTCAP2	4.0e-06	12.8	4.3	1.58
TBC1D30	8.5e-07	5.3	1.8	1.57
LINC02585	8.5e-18	3.0	1.0	1.57
HGH1	5.7e-12	49.1	16.5	1.57
MIER3	3.3e-04	16.6	49.3	-1.57
ETFDH	8.0e-05	15.3	45.4	-1.57
MMP10	7.6e-04	3.0	1.0	1.57
CDKL1	2.3e-04	1.0	3.0	-1.57
TONSL	6.9e-09	19.9	6.7	1.57
CCDC170	1.6e-06	3.1	1.0	1.57
PALD1	1.4e-08	26.5	8.9	1.57
CKAP2L	2.1e-10	8.8	3.0	1.57
JPH1	8.2e-08	19.9	6.7	1.57
CSE1L	q<=1.5e-18	165.2	55.9	1.56
LENG8-AS1	6.6e-10	7.9	2.7	1.56
RRP9	1.9e-06	74.9	25.5	1.56
CCDC78	8.7e-10	2.9	1.0	1.56
LINC00114	1.8e-07	3.1	1.1	1.56
MEST	q<=1.5e-18	73.2	24.8	1.56
SNORA73B	9.6e-07	7.8	2.6	1.56
CCNF	1.2e-06	15.4	5.2	1.56
EEF1AKMT4	2.5e-06	16.8	5.7	1.56
SLC5A1	1.1e-05	55.7	18.9	1.56
FUCA1	7.2e-06	93.5	275.1	-1.56
NEK2	1.2e-08	41.6	14.2	1.55
POLQ	2.1e-08	3.8	1.3	1.55
TMEM97	6.2e-05	66.7	22.7	1.55
WNT5A	7.5e-11	13.0	4.4	1.55
RCN1	q<=1.5e-18	77.2	26.3	1.55
ZNF239	2.9e-08	8.1	2.8	1.55
BRICD5	7.2e-07	5.4	1.8	1.55
RAE1	q<=1.5e-18	76.6	26.3	1.54
C4orf19	3.6e-04	11.0	32.1	-1.54
CEACAM6	1.5e-08	1472.3	505.9	1.54
C4BPB	2.5e-07	11.1	3.8	1.54
CFB	1.7e-07	3.0	1.0	1.54
CACNA1D	2.1e-16	5.3	1.8	1.54
CCDC86	4.5e-07	34.4	11.8	1.54
TAF1A	1.7e-10	9.3	3.2	1.54
THEM6	4.1e-11	68.1	23.4	1.54
IMPDH1	3.0e-14	99.0	34.0	1.54
RHBDF2	2.2e-14	29.8	10.2	1.54
SPNS2	1.0e-04	32.4	11.2	1.53
SEC14L2	4.3e-06	3.6	1.2	1.53
TMEM63A	2.9e-17	135.6	46.9	1.53
POP1	4.8e-12	8.5	3.0	1.53
EPHA1	4.9e-09	26.4	9.1	1.53
DENND2A	6.6e-05	5.4	15.7	-1.53
RPP21	1.4e-05	3.1	1.1	1.53
CENPE	1.2e-05	5.7	2.0	1.53
CTC-338M12.4	3.3e-17	4.0	1.4	1.53
CCL24	5.8e-06	45.6	15.8	1.53
FCGR3A	7.0e-06	22.3	7.7	1.53
WDR27	1.8e-07	10.1	3.5	1.53
ZNF692	6.2e-15	27.0	9.4	1.53
GOLGA8B	3.4e-04	2.9	1.0	1.53
ITGBL1	3.6e-06	3.4	1.2	1.53
URB2	2.9e-06	12.4	4.3	1.53
COL12A1	2.5e-05	54.3	18.9	1.52
CDC6	1.0e-03	20.4	7.1	1.52
ADAMTS14	4.5e-05	3.9	1.4	1.52
VSIR	1.1e-04	15.1	43.2	-1.52
PAICS	1.9e-11	88.6	30.9	1.52
RRS1	1.0e-07	55.9	19.5	1.52
ACVRL1	2.1e-04	36.4	104.0	-1.52
RILP	5.6e-05	11.6	33.0	-1.51
LINC01234	2.3e-07	2.9	1.0	1.51
UHRF1	9.6e-10	13.7	4.8	1.51
FGF18	5.0e-07	2.9	1.0	1.51
PSPH	1.0e-10	33.3	11.7	1.51
GINS1	1.6e-15	25.1	8.8	1.51
CD14	5.7e-05	52.7	149.8	-1.51
C19orf48	q<=1.5e-18	125.5	44.0	1.51
RPS6KL1	6.7e-17	6.4	2.3	1.51
TOP2A	3.2e-10	85.3	29.9	1.51
DSN1	q<=1.5e-18	47.1	16.5	1.51
IGFBP2	1.3e-04	268.7	94.3	1.51
SNORD69	1.2e-08	3.0	1.1	1.50
CMBL	6.3e-05	37.6	106.5	-1.50
FKBP10	1.4e-10	103.3	36.6	1.50
MIR5587	4.0e-10	6.4	2.3	1.50
SNORD101	1.2e-12	7.3	2.6	1.50
PLEKHN1	1.8e-13	2.8	1.0	1.50
WDR77	7.3e-11	43.4	15.4	1.50
CHTF18	6.6e-09	21.3	7.5	1.50
RNF32	3.8e-17	3.9	1.4	1.50
GRINA	q<=1.5e-18	291.9	104.1	1.49
RUNX1	9.1e-18	453.8	162.0	1.49
NEDD4L	5.4e-04	16.1	45.4	-1.49
PUS1	1.1e-06	27.6	9.8	1.49
LTB4R	1.1e-08	3.7	1.3	1.49
E2F1	3.7e-13	30.9	11.0	1.49
CMTM7	3.8e-11	29.9	10.6	1.49
PROSER1	1.4e-16	68.3	24.3	1.49
COL5A2	3.7e-07	61.7	22.0	1.49
KIFC2	1.2e-08	11.2	4.0	1.49
ANXA3	3.1e-16	177.8	63.2	1.49
CYTOR	2.1e-05	20.6	7.3	1.49
NUFIP1	q<=1.5e-18	14.1	5.0	1.49
SLC19A1	1.5e-06	18.5	6.6	1.49
SPIN3	7.7e-12	13.2	4.7	1.49
VPS35L	2.1e-04	16.1	45.2	-1.49
PGF	4.7e-08	11.5	4.1	1.49
PAM16	3.8e-13	13.7	4.9	1.49
ANGPT2	2.2e-14	4.4	1.6	1.48
KIF2C	1.0e-06	30.5	10.9	1.48
FCHO1	3.8e-08	12.0	4.3	1.48
LCN12	8.2e-09	11.4	4.1	1.48
BMP4	4.5e-09	86.9	31.1	1.48
ANO9	1.6e-06	97.6	34.9	1.48
SNHG20	1.2e-14	6.0	2.2	1.48
FAM24B	1.2e-11	4.7	1.7	1.48
ADAMTSL5	5.2e-10	5.6	2.0	1.48
FOXS1	4.8e-09	3.4	1.2	1.48
FLVCR1	1.7e-08	13.0	4.6	1.48
PYCR3	1.4e-09	19.4	6.9	1.48
DTNB	5.9e-18	11.5	4.1	1.48
TESK2	6.1e-06	5.5	15.4	-1.48
SNHG11	q<=1.5e-18	35.2	12.7	1.48
IL20RA	9.5e-16	22.9	8.3	1.47
ARHGAP27P1-BPTFP1-KPNA2P3	7.9e-08	15.1	5.4	1.47
SPATA33	5.0e-16	18.8	6.8	1.47
SOCS2	4.4e-04	9.0	24.9	-1.47
SLC7A1	6.0e-06	62.4	22.5	1.47
SNORA5C	8.8e-07	7.6	2.7	1.47
LIF	1.1e-12	17.8	6.4	1.47
MIR200A	3.5e-05	5.5	2.0	1.47
ZC3H12C	3.1e-04	2.6	7.1	-1.47
SPRY4	2.8e-09	30.1	10.9	1.47
SNHG1	2.5e-14	92.8	33.8	1.46
CYSRT1	1.0e-06	2.7	1.0	1.46
RPS21	3.4e-04	5783.1	2105.3	1.46
EDNRA	4.3e-11	10.1	3.7	1.45
BUB1	3.1e-06	25.8	9.4	1.45
ZNRF3	6.9e-13	21.4	7.8	1.45
ZNF280C	7.4e-11	4.1	1.5	1.45
KCTD1	3.0e-04	5.2	14.1	-1.45
XPO5	2.0e-12	38.1	14.0	1.45
FERMT1	5.7e-13	152.3	55.8	1.45
ARHGEF19	3.8e-13	11.3	4.2	1.45
INPP5D	3.4e-04	35.1	13.0	1.44
ATAD2	2.1e-18	27.7	10.2	1.44
JADE3	2.0e-12	14.6	5.4	1.44
CKS2	1.5e-04	221.9	81.9	1.44
MIR4292	6.9e-13	14.6	5.4	1.44
CMSS1	7.0e-17	18.8	6.9	1.44
COL5A3	2.1e-06	8.0	2.9	1.44
LXN	7.9e-05	31.0	84.0	-1.44
MSH5	2.4e-13	2.7	1.0	1.44
SRCIN1	4.9e-10	3.9	1.4	1.44
LINC01819	1.3e-04	2.7	1.0	1.44
NME2	9.7e-14	4.5	1.6	1.44
C1orf210	3.0e-04	37.3	101.0	-1.44
ASAP3	3.2e-04	6.8	18.5	-1.44
LOC105371049	2.6e-04	9.2	3.4	1.44
FAM71E1	1.1e-13	4.8	1.8	1.44
PINK1	2.4e-05	12.4	33.7	-1.44
FANCB	q<=1.5e-18	2.7	1.0	1.44
PRELID3A	1.4e-14	4.2	1.6	1.43
SORD	9.4e-15	26.7	9.9	1.43
WDR62	3.6e-07	7.5	2.8	1.43
UBE2S	7.5e-11	30.5	11.3	1.43
NKRF	q<=1.5e-18	12.9	4.8	1.43
EIF2S2	q<=1.5e-18	190.4	70.8	1.43
CCNI2	2.6e-10	10.8	4.0	1.43
ATG9B	1.7e-12	2.7	1.0	1.43
CMTM8	1.6e-15	39.1	14.5	1.43
SNORA5A	2.5e-06	2.7	1.0	1.43
DUSP4	7.8e-05	6.5	2.4	1.42
GJB4	1.0e-10	2.7	1.0	1.42
CENPI	1.1e-10	7.3	2.7	1.42
ECI2	7.2e-07	19.0	50.3	-1.41
FAM107B	2.9e-04	28.8	76.5	-1.41
ADRM1	9.8e-13	165.5	62.5	1.41
AKR1E2	9.8e-08	3.4	1.3	1.41
MFSD12	5.4e-11	51.8	19.6	1.41
CENPJ	6.3e-10	10.5	3.9	1.41
ZNF251	5.4e-09	18.8	7.1	1.41
ITGB8	7.1e-08	7.2	2.7	1.41
ARG2	8.8e-05	4.1	1.6	1.41
BORA	5.6e-11	12.0	4.5	1.41
PIF1	3.6e-08	5.5	2.1	1.40
EVX1	1.3e-06	2.6	1.0	1.40
SQOR	5.6e-04	68.5	180.1	-1.40
CHAF1B	3.7e-10	8.8	3.3	1.40
RRP1	4.5e-09	42.1	15.9	1.40
MCM10	3.0e-14	7.6	2.9	1.40
MIR6835	4.1e-11	2.6	1.0	1.40
LYAR	q<=1.5e-18	62.0	23.4	1.40
SPINDOC	9.1e-15	34.5	13.1	1.40
RTKN	5.4e-10	89.3	33.8	1.40
PARPBP	1.6e-05	10.1	3.9	1.39
CENPA	4.9e-06	23.3	8.9	1.39
PGM1	1.4e-05	51.2	134.2	-1.39
DNAJC2	q<=1.5e-18	56.0	21.5	1.39
B3GALT4	7.4e-07	14.2	37.3	-1.39
KIF4A	6.4e-06	21.2	8.1	1.39
NOTCH3	1.7e-09	21.3	8.1	1.39
DDX21	2.3e-06	113.6	43.4	1.39
DHX34	5.6e-15	21.6	8.2	1.39
SNORD17	9.7e-10	7.0	2.7	1.39
TSEN2	7.1e-14	20.6	7.9	1.39
HAPLN3	2.5e-10	13.0	5.0	1.39
SNORA33	2.8e-11	14.2	5.5	1.38
HMGA1	1.3e-09	610.6	235.5	1.38
SNORA26	2.0e-10	4.5	1.7	1.38
TTI1	6.9e-18	34.5	13.2	1.38
TTK	2.4e-08	20.7	8.0	1.38
CAD	8.2e-10	37.0	14.2	1.38
CCNE1	2.7e-04	16.1	6.2	1.38
IGFL4	2.3e-07	2.6	1.0	1.38
WDR90	5.2e-13	17.6	6.8	1.38
PITX1	8.6e-07	32.6	12.6	1.38
DCAF13	q<=1.5e-18	101.3	38.9	1.38
CASD1	1.2e-06	14.2	37.0	-1.38
LOC100506098	1.1e-05	9.6	3.7	1.38
COL4A1	3.6e-04	236.9	91.0	1.38
HMGB3	1.7e-08	57.6	22.1	1.38
MIR200B	2.7e-06	2.6	1.0	1.37
GGH	6.7e-06	320.6	123.8	1.37
SERPINE2	2.3e-09	117.6	45.4	1.37
SLC52A2	4.2e-09	145.8	56.3	1.37
ZNF182	8.6e-08	7.0	2.7	1.37
RAB27B	1.6e-04	2.0	5.1	-1.37
CDCA5	1.3e-08	45.5	17.6	1.37
RBL1	6.5e-17	11.8	4.6	1.36
NOP56	6.5e-17	195.4	76.0	1.36
ZNF121	5.2e-13	13.8	5.4	1.36
FECH	4.0e-04	3.7	9.5	-1.36
PXMP2	3.4e-04	3.7	9.5	-1.36
LY6E	7.5e-10	235.0	91.5	1.36
MAD2L1	1.2e-06	25.2	9.8	1.36
LMO7-AS1	1.4e-12	2.6	1.0	1.36
IFITM3	3.7e-15	1664.5	648.0	1.36
PSMA7	q<=1.5e-18	898.2	350.0	1.36
CKMT2	3.3e-06	5.7	2.2	1.36
ZSWIM4	7.3e-17	4.0	1.6	1.36
ZNF337-AS1	1.5e-07	6.8	2.7	1.36
SHMT2	1.2e-13	165.1	64.5	1.36
ZNF697	1.0e-13	5.1	2.0	1.36
ZMYND19	7.6e-16	48.3	18.9	1.35
USPL1	3.1e-11	20.1	7.9	1.35
NOP16	1.7e-06	79.3	31.0	1.35
PSRC1	6.0e-07	18.4	7.2	1.35
ACBD7	1.1e-10	2.6	1.0	1.35
KIF23	1.9e-06	20.6	8.1	1.35
ACTR3B	q<=1.5e-18	13.5	5.3	1.35
CYP2S1	1.7e-11	172.3	67.4	1.35
PLEKHA8	2.9e-07	17.5	6.8	1.35
COL5A1	1.4e-06	71.2	28.0	1.35
PPRC1	3.3e-05	35.5	13.9	1.35
POLR1C	1.5e-17	56.2	22.0	1.35
SGO1	1.2e-10	7.8	3.1	1.35
CDK1	3.0e-09	97.3	38.1	1.35
PRRT3-AS1	2.3e-15	6.2	2.4	1.35
PLK1	3.0e-04	53.4	21.0	1.34
CHPF	1.9e-12	114.1	45.1	1.34
RUVBL1	1.7e-13	96.2	38.0	1.34
NAT10	3.8e-08	72.8	28.7	1.34
KIFC1	5.3e-05	54.8	21.7	1.34
CDT1	3.2e-05	36.6	14.4	1.34
THBS2	1.8e-05	22.2	8.7	1.34
EZH2	5.3e-09	35.0	13.8	1.34
NEIL3	5.3e-05	4.9	1.9	1.34
MELK	2.5e-08	32.6	13.0	1.33
PUM3	1.6e-09	67.0	26.6	1.33
LIPG	7.0e-07	7.2	2.9	1.33
ARHGEF39	3.6e-10	8.7	3.5	1.33
HENMT1	1.3e-16	31.1	12.4	1.33
HOXA9	2.2e-08	26.2	10.4	1.33
GNB1L	4.0e-17	2.9	1.1	1.33
BCL2L1	q<=1.5e-18	151.9	60.3	1.33
NOP58	6.7e-12	106.2	42.2	1.33
PPP1R13L	4.6e-09	26.3	10.4	1.33
OXGR1	1.0e-03	4.4	1.7	1.33
DTX2P1-UPK3BP1-PMS2P11	6.7e-06	8.1	3.2	1.33
RGS16	1.6e-05	16.2	6.4	1.33
PDCD2L	9.0e-14	13.1	5.2	1.33
ABLIM2	1.8e-13	20.2	8.1	1.32
MELTF	1.7e-07	30.3	12.2	1.32
KIAA0895	7.6e-05	4.2	1.7	1.32
ASIC1	5.9e-06	11.6	4.7	1.32
STIL	4.7e-08	11.3	4.5	1.32
HM13	2.3e-14	352.7	140.8	1.32
NANP	9.2e-16	9.6	3.8	1.32
PAQR5	6.4e-04	6.1	15.3	-1.32
SLC12A8	5.3e-06	17.4	7.0	1.32
BICDL1	3.1e-07	13.6	5.4	1.32
TGDS	4.7e-06	33.0	13.2	1.32
FAM214A	5.8e-04	9.3	23.2	-1.32
SLC39A4	4.2e-09	107.3	42.9	1.32
ICA1	1.7e-13	75.5	30.3	1.32
XPOT	2.4e-18	50.9	20.3	1.32
E2F5	3.8e-13	19.6	7.9	1.31
CEBPB	8.8e-06	68.9	27.8	1.31
EPSTI1	5.5e-12	36.2	14.6	1.31
NR6A1	1.4e-09	4.8	2.0	1.31
SLC30A4	4.8e-04	3.5	8.7	-1.31
YDJC	4.8e-09	57.7	23.3	1.31
RPP40	5.3e-10	14.0	5.7	1.31
LINC01012	2.2e-14	3.5	1.4	1.31
DNA2	1.1e-10	7.5	3.0	1.31
ACVR2B	5.0e-05	3.7	1.5	1.31
F2RL2	1.5e-04	5.7	2.3	1.31
ZFP69B	q<=1.5e-18	3.2	1.3	1.31
PLOD3	1.5e-13	187.3	75.8	1.31
PCNX2	1.7e-09	5.3	2.1	1.31
KIF18A	7.3e-13	7.3	2.9	1.31
FNDC11	5.9e-12	2.5	1.0	1.30
MOB3B	6.3e-04	10.5	25.9	-1.30
ANKZF1	2.4e-08	46.8	19.0	1.30
CDC45	3.8e-12	25.0	10.1	1.30
STX16	4.7e-10	48.7	19.8	1.30
CHMP1B	1.3e-04	34.4	84.4	-1.30
PF4	1.5e-04	2.9	1.2	1.30
TNFRSF11B	1.3e-04	15.5	6.3	1.30
ADRA2C	8.6e-07	3.3	1.3	1.30
FOXP3	1.3e-06	3.5	1.4	1.30
ZC3H8	2.3e-14	8.1	3.3	1.30
RPP25	3.2e-07	39.2	15.9	1.30
TLCD1	6.7e-10	29.0	11.9	1.29
EXOSC5	4.7e-18	93.4	38.1	1.29
SNX24	2.0e-05	6.0	14.6	-1.29
LAPTM4B	1.6e-08	171.2	69.7	1.29
NLE1	3.6e-16	20.6	8.4	1.29
SCML1	1.7e-15	28.6	11.7	1.29
NOLC1	1.9e-06	134.2	54.9	1.29
GLTP	6.6e-05	38.6	94.2	-1.29
AQP9	3.6e-05	2.4	1.0	1.29
LIMA1	6.3e-04	95.8	234.5	-1.29
F2R	9.0e-09	29.9	12.2	1.29
HELLS	3.2e-08	21.0	8.6	1.29
C5orf34	7.9e-16	3.6	1.5	1.29
TTLL4	1.5e-14	18.5	7.5	1.29
PCED1A	1.6e-12	25.9	10.6	1.29
EPHB3	4.1e-07	71.4	29.2	1.29
GGCT	1.5e-14	84.5	34.5	1.29
CDC25A	9.4e-06	15.3	6.3	1.29
TMEM255B	4.6e-09	3.4	1.4	1.29
SLC1A5	1.8e-06	272.9	112.1	1.28
DDX11	7.2e-10	24.6	10.1	1.28
EBPL	1.8e-13	131.5	54.1	1.28
UCKL1	q<=1.5e-18	77.0	31.7	1.28
AP1S3	8.2e-13	7.5	3.1	1.28
NBEAL2	1.0e-10	38.4	15.8	1.28
MIR3142HG	5.0e-08	2.4	1.0	1.28
MTFR2	8.5e-08	13.7	5.6	1.28
P4HA3	5.2e-07	2.4	1.0	1.28
LINC00174	2.5e-05	5.0	2.1	1.28
PAFAH1B3	5.3e-17	74.4	30.6	1.28
