Gene	FDRAdjustedP-value	CancerSampleMed	NormalSampleMed	|log2FC|
PI16	1.1e-04	1.0	304.4	-8.25
ADH1B	2.6e-04	1.0	106.8	-6.74
SCARA5	1.4e-04	1.0	73.2	-6.19
TNXB	8.3e-04	1.1	67.9	-5.96
PCOLCE2	8.2e-04	1.8	78.7	-5.47
C16orf89	2.5e-05	1.0	37.3	-5.22
CLEC3B	4.8e-05	2.2	79.9	-5.16
FAM107A	6.8e-05	1.5	53.9	-5.12
NR4A1	6.4e-04	31.0	957.0	-4.95
FENDRR	5.9e-04	2.8	85.0	-4.94
CFD	9.5e-06	18.8	537.3	-4.83
PDK4	8.3e-04	6.8	172.4	-4.66
F10	5.5e-05	1.0	24.5	-4.62
ABI3BP	4.2e-04	2.0	47.8	-4.59
ADAM33	5.1e-05	1.6	37.1	-4.57
UBE2C	2.1e-16	290.2	14.1	4.36
MFAP4	1.5e-04	30.4	592.7	-4.29
ITIH5	4.3e-04	5.2	98.6	-4.25
PID1	1.2e-04	1.6	29.5	-4.20
CAVIN2	6.6e-04	3.5	64.8	-4.19
SLIT3	2.1e-04	3.8	68.9	-4.17
TPPP	1.3e-04	1.0	17.8	-4.15
MRGPRF	8.3e-04	3.4	60.3	-4.13
TROAP	q<=1.7e-18	32.6	1.9	4.11
ITGA8	2.2e-04	1.6	27.5	-4.08
GSTM5	7.8e-05	2.1	35.0	-4.03
IQGAP3	7.5e-07	16.1	1.0	4.01
PHYHIP	6.2e-05	1.5	23.8	-4.00
BIRC5	8.3e-07	63.0	4.1	3.95
SRPX	2.8e-05	8.3	127.7	-3.94
COL14A1	4.3e-04	5.5	84.4	-3.94
NEK2	2.8e-11	24.6	1.6	3.93
FOXF1	1.6e-04	5.0	75.3	-3.92
SPON1	2.3e-04	5.1	76.4	-3.90
OLFM1	7.6e-06	1.6	24.5	-3.89
ARHGAP6	4.5e-05	1.4	20.0	-3.88
DCN	3.1e-04	55.6	806.1	-3.86
EPHA3	6.5e-04	1.7	24.1	-3.86
ABCA8	3.0e-04	1.0	14.4	-3.85
CENPA	q<=1.7e-18	18.7	1.3	3.84
RBM24	2.8e-04	1.0	14.3	-3.84
LRRN4CL	2.8e-05	1.6	23.2	-3.84
MELK	3.7e-14	26.8	1.9	3.83
KIF18B	q<=1.7e-18	14.3	1.0	3.83
MIR100HG	2.0e-04	3.4	48.5	-3.83
PLAC9	1.1e-05	6.5	91.5	-3.81
SLIT2	3.9e-04	1.0	13.9	-3.79
GNG7	1.2e-05	1.2	16.0	-3.79
KCND3	1.1e-04	1.0	13.7	-3.78
TEDC2	2.9e-07	13.6	1.0	3.76
PLP1	7.5e-05	1.0	13.4	-3.75
KIF20A	3.4e-07	29.7	2.2	3.73
FOS	2.4e-04	264.5	3486.4	-3.72
DUSP1	4.4e-05	161.6	2116.7	-3.71
C1QTNF7	1.1e-04	1.0	13.0	-3.70
NUF2	q<=1.7e-18	25.2	1.9	3.70
FOXM1	2.6e-07	30.2	2.3	3.69
GPIHBP1	3.7e-04	1.3	16.0	-3.68
KRT14	1.6e-09	20.5	1.6	3.66
MMP11	2.1e-17	81.4	6.5	3.66
TOP2A	4.3e-08	68.0	5.5	3.63
TWIST2	7.0e-05	2.1	25.8	-3.61
ADAMTS1	4.1e-04	16.3	199.8	-3.61
SKA3	1.1e-10	12.2	1.0	3.60
SPARCL1	6.5e-04	58.1	693.3	-3.58
PKMYT1	2.0e-06	23.3	1.9	3.58
HLF	9.0e-04	1.0	11.8	-3.56
ANK2	5.3e-04	1.0	11.7	-3.55
CDK1	7.9e-14	76.0	6.6	3.53
CCNB2	8.1e-12	67.6	5.9	3.52
CA9	5.2e-13	11.5	1.0	3.52
IL33	8.9e-04	4.6	52.5	-3.50
TCEAL7	5.8e-05	1.8	20.3	-3.48
NR3C2	9.9e-04	1.0	11.2	-3.48
CENPF	8.4e-05	19.1	1.7	3.48
TK1	5.9e-09	153.1	13.8	3.48
KLHDC7B	1.5e-17	11.0	1.0	3.46
KIF4A	1.2e-12	16.3	1.5	3.46
CDC20	1.5e-15	107.0	9.8	3.45
AURKB	1.7e-10	64.5	5.9	3.44
TPX2	4.7e-13	71.2	6.6	3.42
EPIST	6.1e-04	1.0	10.7	-3.42
SKA1	3.1e-08	11.0	1.0	3.40
CEP55	7.7e-05	31.6	3.0	3.40
MMP1	4.6e-07	23.7	2.2	3.40
TPSB2	9.6e-05	8.8	90.4	-3.36
GYPC	1.5e-04	13.0	133.6	-3.36
RAI2	1.0e-04	3.5	36.3	-3.36
TTK	1.5e-10	15.6	1.5	3.35
DUXAP8	5.7e-11	10.1	1.0	3.34
NCAPH	1.1e-11	10.2	1.0	3.34
TPSAB1	1.0e-03	7.5	75.9	-3.34
CDT1	1.2e-09	30.2	3.0	3.33
VSTM4	7.8e-05	3.0	29.8	-3.32
PAMR1	6.7e-05	4.9	48.7	-3.31
ASPA	2.2e-05	1.0	9.9	-3.30
PIMREG	7.0e-08	13.4	1.4	3.29
FGFR1	3.0e-04	10.0	97.5	-3.29
NCAPG	1.4e-08	9.9	1.0	3.29
CDCA3	2.4e-10	45.4	4.7	3.28
TRIP13	1.2e-12	31.5	3.3	3.28
MKI67	1.0e-07	23.5	2.4	3.28
TPSD1	1.0e-03	1.0	9.6	-3.26
KIF23	8.2e-07	22.4	2.3	3.26
ACOX2	5.0e-04	1.1	10.4	-3.24
GATA6	6.9e-04	1.9	18.3	-3.24
RCAN2	9.4e-04	5.1	47.8	-3.24
RERGL	4.7e-04	1.0	9.4	-3.24
MATN2	2.8e-05	14.4	134.0	-3.22
CST1	6.0e-04	9.3	1.0	3.21
MEX3A	6.4e-09	9.2	1.0	3.21
SPC25	4.8e-07	15.5	1.7	3.21
MYADM	2.5e-04	27.2	250.7	-3.20
AURKA	1.7e-14	36.4	4.0	3.20
JAM2	7.2e-05	2.6	23.8	-3.20
ZWINT	1.6e-13	67.9	7.4	3.19
ULBP2	8.2e-17	9.2	1.0	3.19
KIF2C	4.3e-14	35.5	3.9	3.19
CST6	1.1e-06	33.8	3.7	3.18
SYNE4	3.0e-08	25.6	2.8	3.18
CDCA5	3.1e-07	38.7	4.3	3.17
ESM1	q<=1.7e-18	9.0	1.0	3.17
DLGAP5	1.8e-09	19.3	2.2	3.14
MYBL2	5.6e-11	77.1	8.7	3.14
FBLN2	4.6e-04	17.0	148.9	-3.13
HJURP	1.6e-16	17.7	2.0	3.12
BUB1B	2.3e-07	11.6	1.3	3.12
DEPDC1B	9.5e-13	10.8	1.3	3.10
ASF1B	2.1e-11	50.9	6.0	3.09
KLF2	1.4e-04	8.2	69.5	-3.08
PLK1	7.4e-15	43.6	5.1	3.08
CDKN2A	q<=1.7e-18	30.6	3.6	3.07
GTSE1	4.3e-15	15.5	1.8	3.07
PRKCB	1.6e-04	1.9	15.5	-3.06
CADM3	7.0e-04	1.0	8.3	-3.06
CCNB1	5.0e-11	82.2	9.8	3.06
FBLN5	3.5e-04	12.5	104.2	-3.06
CDC45	1.6e-12	25.5	3.1	3.05
LINC01980	7.3e-09	8.3	1.0	3.05
CDC25C	2.1e-08	8.3	1.0	3.05
EXO1	2.9e-12	8.5	1.0	3.04
PBK	2.1e-06	16.6	2.0	3.03
GHR	8.0e-04	1.0	8.1	-3.03
PRKAR2B	3.9e-05	3.7	29.7	-3.00
CKAP2L	4.5e-07	8.0	1.0	3.00
C4orf48	1.7e-11	24.9	3.2	2.98
MCM10	8.3e-10	7.9	1.0	2.98
INMT	4.0e-04	2.1	16.7	-2.98
TMEM132A	2.3e-17	49.8	6.3	2.98
GINS1	1.5e-10	18.4	2.3	2.98
UHRF1	8.1e-15	15.8	2.0	2.98
CDCA8	2.2e-13	32.9	4.2	2.98
ASPM	1.3e-13	7.9	1.0	2.98
AR	8.8e-04	1.5	11.4	-2.97
KIFC1	8.3e-11	47.7	6.1	2.97
MASP1	7.3e-04	1.0	7.8	-2.96
FAM110B	8.7e-04	1.3	10.1	-2.96
CELF2	7.0e-04	2.4	18.4	-2.96
INA	2.3e-05	7.8	1.0	2.96
RTL5	4.0e-04	1.4	10.9	-2.95
PTH1R	2.3e-05	1.0	7.7	-2.95
LAMA2	9.1e-04	2.1	15.9	-2.93
RAD51	2.1e-09	15.1	2.0	2.93
CCNA2	9.9e-08	25.3	3.3	2.93
SPAG5	1.2e-13	26.4	3.5	2.93
SYNE1	1.5e-04	1.7	13.0	-2.92
PYCR1	q<=1.7e-18	40.2	5.3	2.92
WDR62	3.1e-04	7.7	1.0	2.92
RRM2	2.1e-05	70.1	9.3	2.92
GFRA3	3.1e-04	1.0	7.6	-2.92
TNFAIP8L3	5.7e-04	2.3	17.4	-2.90
HMMR	3.1e-08	14.0	1.9	2.89
RAD51AP1	2.8e-08	14.2	1.9	2.89
SAPCD2	q<=1.7e-18	10.1	1.4	2.88
FABP6	2.6e-08	20.9	2.8	2.88
SOD3	3.5e-04	24.6	180.9	-2.88
CYBRD1	5.4e-04	20.2	148.4	-2.88
PCLAF	1.5e-11	12.5	1.7	2.87
SGO1	5.9e-12	7.3	1.0	2.87
AUNIP	1.7e-11	9.0	1.2	2.87
LGI4	2.9e-06	2.2	16.2	-2.86
NTN1	7.0e-04	1.4	10.2	-2.86
PDE2A	4.2e-04	2.5	17.9	-2.85
PRR11	7.1e-10	8.3	1.2	2.85
GREM2	5.6e-04	1.0	7.1	-2.84
SEMA3E	4.4e-04	1.0	7.2	-2.84
DEPDC1	1.8e-05	7.1	1.0	2.84
PELI2	9.6e-05	2.1	15.1	-2.84
SPC24	9.2e-07	25.8	3.7	2.82
FAIM2	1.6e-04	1.0	7.1	-2.82
LINC01082	2.7e-04	1.0	7.0	-2.81
NAP1L2	1.1e-04	1.4	9.5	-2.81
WFDC1	5.9e-04	14.9	104.5	-2.81
PLA2G2F	5.3e-12	35.5	5.1	2.80
CSGALNACT1	7.7e-05	5.3	36.9	-2.80
KLHL13	8.6e-04	1.6	11.2	-2.79
WDR72	7.1e-05	11.6	1.7	2.79
PHYHD1	9.4e-06	2.7	18.4	-2.79
CDC6	1.1e-10	19.4	2.8	2.79
CDKN3	2.2e-06	34.6	5.0	2.78
CENPK	9.9e-12	14.2	2.1	2.78
KIF15	3.1e-11	7.4	1.1	2.78
PRIMA1	1.8e-04	1.0	6.8	-2.77
DTL	1.2e-05	10.2	1.5	2.77
DENND2A	2.9e-04	3.4	23.1	-2.77
RECQL4	7.2e-10	22.7	3.4	2.76
SLC24A3	9.2e-05	3.0	20.4	-2.76
RAD54L	1.1e-17	6.8	1.0	2.76
ORC6	5.0e-08	22.1	3.3	2.76
HAAO	6.9e-05	6.5	43.6	-2.75
COX7A1	7.9e-04	26.0	174.2	-2.75
MAGI2-AS3	3.6e-04	3.7	24.5	-2.74
ETV4	9.7e-17	29.6	4.4	2.74
ARHGAP40	3.3e-05	8.0	1.2	2.73
KRT7	1.1e-05	2047.3	310.3	2.72
GFRA1	6.4e-04	1.0	6.6	-2.72
NDC80	2.3e-09	25.0	3.8	2.71
SNORD14E	1.5e-08	9.8	1.5	2.71
PDE4B	5.2e-04	3.3	21.7	-2.71
FAM149A	2.9e-04	2.0	12.8	-2.71
KLC3	1.8e-08	6.5	1.0	2.71
BMERB1	5.8e-04	8.9	57.9	-2.69
FAM111B	6.4e-13	8.9	1.4	2.69
NPR1	8.4e-04	2.5	16.2	-2.68
STARD13	3.5e-04	4.0	26.0	-2.68
E2F1	9.0e-08	25.4	4.0	2.68
MGLL	1.1e-05	14.7	93.5	-2.67
SLC12A8	2.0e-11	12.5	2.0	2.67
PLPP3	9.5e-05	23.8	151.5	-2.67
CDCA2	1.1e-11	6.3	1.0	2.66
BDKRB2	2.5e-04	6.4	40.8	-2.66
TNNT1	3.8e-16	6.3	1.0	2.66
RECK	3.9e-04	3.3	20.9	-2.66
C1QTNF2	6.6e-04	1.3	8.2	-2.65
LTBP4	1.4e-04	28.6	180.2	-2.65
PARM1	4.8e-04	9.5	59.7	-2.65
STIL	7.6e-18	7.4	1.2	2.64
SHCBP1	1.8e-04	7.8	1.3	2.64
AQP1	1.3e-04	43.7	270.4	-2.63
CBX7	1.5e-04	10.5	65.4	-2.63
CLU	4.4e-04	164.9	1011.7	-2.62
HCAR1	3.6e-07	6.7	1.1	2.62
MTFR2	7.3e-12	9.8	1.6	2.62
ATP1B2	5.3e-04	1.0	6.1	-2.62
PTTG1	3.1e-05	103.6	17.0	2.61
THSD4	7.2e-04	4.2	25.6	-2.61
CD69	5.9e-04	4.4	26.7	-2.61
IGFBP5	1.0e-03	55.7	340.9	-2.61
BUB1	8.9e-06	22.9	3.8	2.61
CENPE	3.1e-11	6.7	1.1	2.61
SCNN1G	7.3e-06	11.4	1.9	2.60
MIR4653	q<=1.7e-18	15.5	2.6	2.60
TMEM220	1.0e-06	1.1	6.5	-2.60
CNRIP1	1.6e-04	5.7	34.6	-2.60
RHOJ	1.5e-04	3.9	23.4	-2.59
OLFML1	9.6e-04	3.9	23.2	-2.59
RBMS3	6.9e-04	1.5	8.8	-2.59
GSN	3.1e-04	284.0	1698.7	-2.58
MYEOV	1.2e-07	6.0	1.0	2.58
PDE7B	4.2e-04	1.5	9.0	-2.57
LEPR	1.0e-03	2.9	17.1	-2.56
PAQR4	2.8e-17	6.6	1.1	2.56
MIR6859-4	1.2e-08	5.9	1.0	2.56
CYP1A1	3.6e-04	1.0	5.9	-2.56
KIF11	1.2e-06	19.7	3.4	2.55
MMP23B	9.6e-04	3.7	21.7	-2.55
ORC1	6.5e-16	7.7	1.3	2.54
HES2	4.0e-04	5.8	1.0	2.54
PALM	3.8e-04	5.7	33.3	-2.54
SIM2	2.9e-17	7.6	1.3	2.54
CBX2	6.3e-08	11.8	2.0	2.54
ECT2	5.1e-09	27.3	4.7	2.53
GRIN2D	q<=1.7e-18	5.8	1.0	2.53
TGFBR3	1.8e-04	12.4	71.4	-2.52
ARHGAP11A	8.1e-04	10.4	1.8	2.51
EBF1	9.8e-04	1.4	8.0	-2.51
GNG11	4.0e-05	10.6	59.8	-2.50
POC1A	5.4e-05	23.6	4.2	2.50
PMP22	3.0e-04	52.4	296.1	-2.50
KIF18A	4.2e-16	5.7	1.0	2.50
NR2F1	1.0e-03	5.3	30.2	-2.50
RBBP8NL	5.3e-09	12.4	2.2	2.49
PRICKLE2	9.6e-04	2.0	11.5	-2.49
GULP1	7.3e-04	2.9	16.4	-2.49
FZD7	9.4e-04	9.3	52.6	-2.49
CENPM	3.7e-05	38.6	7.0	2.47
ESPN	3.7e-05	6.0	1.1	2.45
GINS2	4.5e-06	19.8	3.7	2.44
GPR183	2.7e-04	7.5	41.0	-2.44
UPK2	2.3e-06	269.4	49.9	2.43
PPP1R14C	3.1e-05	5.4	1.0	2.42
FCHO1	1.5e-05	11.9	2.2	2.42
ZEB2	7.3e-04	4.0	21.4	-2.41
NOVA1	8.4e-04	1.0	5.3	-2.41
MEF2C	3.7e-04	3.5	18.8	-2.40
TDO2	6.6e-12	5.3	1.0	2.40
UBE2T	1.7e-09	60.9	11.5	2.40
PER1	3.8e-08	17.7	93.2	-2.40
CDC25A	2.1e-08	8.6	1.6	2.39
SNORD99	4.8e-05	17.1	3.3	2.38
B4GALNT4	2.2e-18	5.2	1.0	2.37
LRRK2	4.0e-04	1.0	5.2	-2.37
MAD2L1	3.3e-11	13.1	2.5	2.37
RIPPLY3	4.1e-12	5.2	1.0	2.37
LYNX1	1.9e-04	2.9	14.9	-2.36
CHAC1	q<=1.7e-18	7.1	1.4	2.36
C1QTNF6	q<=1.7e-18	34.6	6.8	2.36
BIN1	7.5e-04	21.6	110.5	-2.35
TACC3	4.3e-12	79.4	15.5	2.35
CIT	2.4e-06	7.7	1.5	2.35
CD34	2.0e-04	14.4	73.6	-2.35
EVA1C	9.9e-06	11.9	60.3	-2.34
CENPI	5.7e-12	5.7	1.1	2.34
ISG15	1.2e-17	415.2	82.8	2.33
RHPN1	2.8e-13	22.9	4.5	2.33
FRMD3	2.1e-05	1.9	9.6	-2.32
EZH2	2.5e-12	24.5	5.0	2.31
APOLD1	6.7e-04	9.9	49.2	-2.31
SBK1	7.6e-13	4.9	1.0	2.30
SLC9A9	3.2e-06	3.2	16.0	-2.30
DNMT3B	q<=1.7e-18	7.7	1.6	2.30
CLSPN	1.8e-08	4.9	1.0	2.30
SLC19A1	2.7e-12	15.6	3.2	2.28
SPRY1	2.9e-04	21.4	104.0	-2.28
LMNB1	3.9e-10	54.0	11.2	2.27
PALM3	1.3e-09	11.7	2.4	2.27
RAC3	q<=1.7e-18	23.7	5.0	2.26
KLF4	5.0e-04	25.3	120.8	-2.26
TPPP3	1.1e-05	17.4	82.8	-2.25
OXER1	1.1e-04	1.8	8.5	-2.25
TBX1	7.1e-16	17.7	3.7	2.24
TNS2	1.3e-04	13.7	64.7	-2.24
DDIAS	4.5e-11	7.1	1.5	2.23
PAFAH1B3	1.4e-07	124.8	26.5	2.23
ZNF726	3.5e-11	5.0	1.1	2.23
CHEK1	2.0e-09	14.8	3.2	2.23
SELENOP	2.1e-04	10.1	47.5	-2.23
WNT2B	2.7e-04	1.3	6.0	-2.22
RCSD1	5.8e-04	3.7	17.1	-2.22
GARNL3	3.1e-04	2.8	13.1	-2.22
RDM1	q<=1.7e-18	4.6	1.0	2.21
APOC1	3.5e-14	43.8	9.5	2.21
C21orf58	q<=1.7e-18	10.3	2.2	2.21
GJC2	5.1e-04	1.2	5.6	-2.21
CENPU	1.8e-08	22.5	4.9	2.21
CXCL11	8.9e-07	4.6	1.0	2.20
MIR7111	3.7e-05	4.6	1.0	2.20
KNL1	6.4e-06	4.6	1.0	2.20
LHFPL6	9.8e-04	20.1	92.0	-2.20
IGFL1	1.5e-07	6.4	1.4	2.19
MIR4477B	7.0e-13	17.9	3.9	2.19
PLK4	2.2e-10	9.2	2.0	2.19
ALDH2	6.9e-04	7.4	33.5	-2.18
FAM24B	8.7e-10	6.1	1.3	2.18
EMCN	4.0e-04	3.4	15.6	-2.18
DUSP9	2.2e-10	4.5	1.0	2.18
MIR4664	8.4e-04	4.5	1.0	2.18
S1PR5	5.5e-15	12.4	2.8	2.17
C15orf48	1.1e-09	16.6	3.7	2.17
PKNOX2	4.0e-04	1.0	4.5	-2.17
PRR36	2.0e-18	4.5	1.0	2.17
RIBC2	1.5e-12	4.5	1.0	2.17
MAPK15	q<=1.7e-18	5.8	1.3	2.17
KPNA2	5.4e-10	182.4	40.8	2.16
BCL2	1.1e-06	3.7	16.4	-2.16
FANCI	7.4e-07	20.7	4.6	2.16
SLC39A4	2.2e-16	50.5	11.3	2.16
HPGDS	1.6e-04	1.0	4.5	-2.15
CCNE1	2.3e-18	25.2	5.7	2.15
NACAD	9.9e-04	1.0	4.4	-2.14
TRIM17	8.1e-11	4.4	1.0	2.14
NPR2	9.4e-04	2.4	10.8	-2.14
FANCA	q<=1.7e-18	9.3	2.1	2.14
KIF14	2.3e-07	4.4	1.0	2.14
CKS2	2.9e-13	153.7	35.1	2.13
CHRD	7.4e-04	1.2	5.2	-2.13
SNX10	3.1e-12	11.0	2.5	2.13
NDN	8.5e-05	13.6	59.1	-2.12
PRR15L	1.6e-04	11.8	2.7	2.12
STMN1	1.5e-11	348.4	80.8	2.11
E2F2	1.3e-08	4.3	1.0	2.11
HILPDA	8.1e-10	54.9	12.7	2.11
MAGI2	5.3e-04	1.2	5.3	-2.10
E2F8	3.9e-04	8.4	1.9	2.10
RTKN2	2.1e-09	4.3	1.0	2.09
EEF1AKMT4	1.6e-10	16.1	3.8	2.09
PODXL2	6.4e-17	42.6	10.0	2.08
PDZK1IP1	2.0e-04	18.6	4.4	2.08
MCM2	1.3e-16	24.4	5.7	2.08
MELTF-AS1	q<=1.7e-18	4.3	1.0	2.08
FIRRE	q<=1.7e-18	4.2	1.0	2.07
RTN4R	q<=1.7e-18	6.7	1.6	2.06
POLE2	3.1e-14	9.6	2.3	2.06
COL10A1	2.7e-17	4.2	1.0	2.06
ERCC6L	3.2e-11	4.1	1.0	2.05
RHBG	q<=1.7e-18	4.1	1.0	2.05
CEP85L	2.4e-04	1.9	7.7	-2.05
IER5L	q<=1.7e-18	13.5	3.3	2.05
MYL3	1.4e-04	1.0	4.1	-2.05
LY6K	5.9e-07	6.1	1.5	2.04
LPAR1	2.2e-05	8.4	34.3	-2.03
TRPM2	6.8e-06	7.7	1.9	2.03
TRAIP	7.6e-08	12.5	3.1	2.03
PARPBP	2.6e-10	4.8	1.2	2.03
TP53INP2	9.9e-04	17.3	70.6	-2.03
EPHX2	5.0e-07	6.9	28.1	-2.03
RGL3	3.6e-04	17.6	4.3	2.02
RHEBL1	2.3e-16	4.1	1.0	2.02
SALL4	q<=1.7e-18	4.0	1.0	2.02
NAGS	q<=1.7e-18	4.2	1.0	2.02
MIR647	1.4e-10	12.1	3.0	2.02
DBNDD1	4.2e-11	22.3	5.5	2.02
CYP27A1	1.7e-04	12.3	49.6	-2.01
CXCL10	5.8e-08	26.2	6.5	2.01
NXPH4	4.0e-18	4.0	1.0	2.01
MKRN2OS	3.9e-09	11.3	2.8	2.01
FZD2	q<=1.7e-18	6.1	1.5	2.00
PRSS8	1.8e-12	59.4	14.8	2.00
PFKFB4	q<=1.7e-18	11.0	2.7	2.00
MIR25	4.4e-09	13.8	3.4	2.00
MAFG-DT	2.0e-15	6.0	1.5	2.00
ESCO2	5.7e-05	4.0	1.0	2.00
HOXB5	3.5e-04	5.0	1.3	1.99
XRCC2	4.7e-17	3.9	1.0	1.98
ARHGEF39	4.3e-18	5.3	1.3	1.98
CKS1B	9.6e-07	106.3	27.0	1.98
PSRC1	4.6e-07	16.6	4.2	1.98
RHOB	3.9e-04	189.2	748.8	-1.98
NPIPB15	2.2e-13	3.9	1.0	1.97
CPQ	3.7e-04	24.5	95.9	-1.97
CTSV	1.4e-06	3.9	1.0	1.97
GPRASP2	4.4e-04	4.3	16.6	-1.97
SNORD104	6.7e-14	49.7	12.7	1.97
PABPC1L	4.9e-15	30.5	7.8	1.96
LIPG	q<=1.7e-18	3.9	1.0	1.96
SCN7A	8.6e-04	1.0	3.9	-1.96
LAMC2	5.7e-07	45.6	11.8	1.95
MND1	4.6e-05	11.2	2.9	1.95
FXYD3	5.0e-06	12.8	3.3	1.95
LINC00839	3.4e-16	5.7	1.5	1.94
TINCR	1.1e-09	11.3	3.0	1.94
SOX10	3.9e-05	1.0	3.8	-1.94
SLC26A6	q<=1.7e-18	20.9	5.5	1.94
CDIP1	1.1e-06	10.2	39.3	-1.94
EME1	q<=1.7e-18	3.8	1.0	1.94
POLQ	q<=1.7e-18	3.8	1.0	1.93
MDK	7.2e-09	696.3	183.2	1.93
CENPO	1.2e-08	6.5	1.7	1.93
FEN1	2.5e-08	65.1	17.1	1.93
SPAG4	7.4e-10	26.2	6.9	1.92
NLRP2	4.7e-06	8.7	2.3	1.92
BLM	9.4e-16	4.4	1.2	1.92
TICRR	q<=1.7e-18	3.8	1.0	1.92
IFI27	8.3e-16	685.6	182.6	1.91
ZNF488	3.8e-16	3.7	1.0	1.91
CYP27B1	q<=1.7e-18	3.8	1.0	1.91
KNSTRN	9.2e-08	28.3	7.5	1.91
SIX4	2.4e-11	4.1	1.1	1.91
HMGB3	q<=1.7e-18	63.8	17.0	1.91
EFNA3	9.0e-04	4.2	1.1	1.90
KIAA0513	8.2e-04	5.2	19.3	-1.90
SELENBP1	4.0e-04	29.2	108.8	-1.90
DNA2	4.9e-12	5.3	1.4	1.90
CDCA7	4.3e-18	17.0	4.6	1.89
CHAF1B	4.2e-18	9.5	2.6	1.89
SOX4	1.9e-08	95.8	25.9	1.89
MICB	8.8e-17	7.5	2.0	1.89
LINC01819	9.9e-11	9.2	2.5	1.88
FANCD2	4.0e-14	12.0	3.3	1.88
CIP2A	1.0e-10	8.5	2.3	1.88
CPEB2	5.7e-04	3.6	13.1	-1.87
RPS6KA2	3.2e-05	9.2	33.8	-1.87
LINC00885	3.7e-04	8.2	2.2	1.87
RORA	9.7e-04	1.3	4.6	-1.87
SGO2	5.0e-06	6.5	1.8	1.87
PIF1	2.7e-17	8.1	2.2	1.87
LINC01748	7.3e-04	3.7	1.0	1.87
GPT2	1.1e-04	22.0	6.0	1.87
TACC2	2.7e-04	17.8	65.1	-1.87
LIME1	q<=1.7e-18	4.2	1.2	1.86
METTL7B	3.5e-08	3.6	1.0	1.86
INHBA	q<=1.7e-18	9.0	2.5	1.86
HIC1	1.8e-04	3.1	11.3	-1.86
CELSR3	q<=1.7e-18	3.6	1.0	1.86
TONSL	6.9e-13	19.7	5.5	1.85
SERP2	1.2e-04	2.7	9.9	-1.85
NAP1L5	4.3e-05	5.8	20.8	-1.85
TSHZ2	5.9e-04	1.1	3.9	-1.85
TSC22D1	5.4e-05	94.5	340.8	-1.85
MEST	1.1e-14	31.2	8.7	1.84
ULBP3	1.1e-07	4.8	1.3	1.84
SNHG12	4.2e-07	52.1	14.5	1.84
SQLE	4.2e-10	61.2	17.0	1.84
MEIS1	1.4e-04	8.0	28.8	-1.84
NFATC4	4.4e-04	10.1	36.1	-1.84
SLC16A7	6.6e-04	1.5	5.3	-1.84
COL7A1	q<=1.7e-18	38.6	10.8	1.84
EEF1A2	3.7e-09	14.2	3.9	1.84
VGLL1	3.4e-07	114.3	32.0	1.84
FCRLB	2.7e-15	7.4	2.1	1.83
KCNG1	4.6e-18	14.0	3.9	1.83
HCAR2	5.9e-05	13.3	3.7	1.83
GINS4	8.0e-08	3.5	1.0	1.82
ATAD5	q<=1.7e-18	3.5	1.0	1.82
FBXL6	q<=1.7e-18	32.6	9.3	1.82
CGREF1	2.9e-12	5.2	1.5	1.82
TESMIN	1.2e-12	3.5	1.0	1.82
EPCAM	2.1e-09	202.2	57.3	1.82
PLA2G4A	5.0e-04	9.6	33.8	-1.82
MFSD3	3.1e-09	39.7	11.3	1.81
MARVELD3	9.7e-08	18.2	5.2	1.81
LINC01410	1.1e-11	3.9	1.1	1.81
GPRIN1	q<=1.7e-18	3.5	1.0	1.80
NCAPG2	2.9e-07	18.1	5.2	1.80
SMPDL3B	9.5e-06	4.7	1.4	1.80
LDB2	1.6e-04	7.0	24.1	-1.79
SERPINA1	6.8e-10	14.4	4.2	1.77
KNTC1	2.0e-18	11.4	3.4	1.77
OTX1	4.7e-09	3.4	1.0	1.77
SERINC2	1.3e-05	514.0	151.8	1.76
BRCA1	5.8e-10	10.0	3.0	1.76
PRR19	8.7e-16	3.4	1.0	1.76
PNPLA7	8.2e-04	1.6	5.5	-1.76
TFR2	q<=1.7e-18	3.4	1.0	1.76
NME1	7.3e-06	74.2	21.9	1.76
CYP39A1	8.3e-04	1.8	6.0	-1.76
COMTD1	1.4e-04	39.0	11.5	1.76
CCNF	1.4e-08	15.8	4.6	1.76
GNGT1	7.1e-08	3.4	1.0	1.75
TANC2	9.3e-06	13.8	4.1	1.75
MIR4292	2.7e-05	9.8	2.9	1.75
TYMP	7.7e-08	103.1	30.7	1.75
TTYH3	1.4e-12	67.3	20.0	1.75
UBE2S	4.2e-06	43.8	13.1	1.75
TLE6	2.1e-11	3.8	1.1	1.75
PSMG3	1.6e-11	121.4	36.4	1.74
SP6	2.6e-05	17.0	5.1	1.74
IL6ST	1.0e-03	17.3	57.9	-1.74
E2F7	q<=1.7e-18	3.3	1.0	1.73
ANKRD44	1.3e-04	2.8	9.2	-1.73
RACGAP1	6.1e-04	38.8	11.7	1.73
TYMS	3.5e-06	11.6	3.5	1.73
TIMELESS	1.5e-12	27.4	8.3	1.72
CDK5RAP3	1.2e-11	6.9	2.1	1.72
CRY2	5.6e-06	14.0	45.9	-1.72
SCX	1.3e-07	5.2	1.6	1.72
TCF4	5.2e-04	8.7	28.7	-1.72
SAC3D1	3.1e-09	30.9	9.5	1.71
GPR78	3.8e-11	3.3	1.0	1.71
CENPW	5.7e-05	24.6	7.5	1.71
SNHG25	1.4e-06	12.2	3.7	1.71
CDC7	1.6e-10	9.9	3.0	1.71
GALNT6	q<=1.7e-18	9.5	2.9	1.71
APLN	7.8e-10	3.3	1.0	1.71
MYCT1	9.3e-04	3.4	11.2	-1.71
EBP	2.6e-06	64.6	19.8	1.71
CKAP2	1.3e-05	30.1	9.2	1.71
UTRN	2.9e-04	6.9	22.4	-1.70
TMEM238	8.3e-05	22.3	6.9	1.70
BRIP1	6.5e-11	3.2	1.0	1.70
TMEM8B	1.5e-04	6.5	21.2	-1.70
BMP8B	1.7e-08	4.5	1.4	1.70
WDHD1	2.1e-13	7.0	2.1	1.70
PRR7	1.3e-04	6.3	1.9	1.70
TGFBR2	1.4e-04	34.6	111.9	-1.69
PLAU	q<=1.7e-18	100.1	31.0	1.69
CDH3	q<=1.7e-18	50.3	15.6	1.69
PCAT6	q<=1.7e-18	20.0	6.3	1.68
PLEKHO2	1.0e-03	17.5	55.9	-1.68
SKP2	q<=1.7e-18	35.2	11.0	1.68
KLHDC1	3.0e-04	1.2	3.9	-1.68
IGSF9	q<=1.7e-18	23.7	7.4	1.68
POU5F1	2.1e-05	5.4	1.7	1.67
RMI2	8.7e-10	39.8	12.5	1.67
ATAD2	7.4e-10	23.4	7.4	1.67
IFI6	q<=1.7e-18	432.7	135.8	1.67
MTBP	q<=1.7e-18	5.8	1.8	1.66
BORA	7.2e-12	5.1	1.6	1.66
SMIM22	6.2e-08	38.6	12.2	1.66
DLG2	2.4e-04	1.0	3.2	-1.66
WLS	3.6e-04	56.8	178.6	-1.65
PER3	3.5e-04	4.3	13.4	-1.65
LOC102724323	1.7e-05	3.8	1.2	1.65
SNORA26	4.6e-07	4.4	1.4	1.64
S100A5	2.5e-05	3.1	1.0	1.64
LRRC45	6.0e-09	36.0	11.5	1.64
SCG5	1.1e-04	4.5	1.5	1.63
NFIA	9.1e-04	7.0	21.6	-1.63
RPS10	1.1e-05	6.9	2.2	1.63
KIFC2	2.3e-12	22.7	7.3	1.63
GALNT14	2.4e-13	18.9	6.1	1.63
TSPYL2	9.5e-05	20.4	62.5	-1.62
P2RY6	3.1e-05	6.0	1.9	1.62
SIX1	2.3e-15	5.0	1.6	1.62
CARD9	3.3e-15	7.7	2.5	1.62
CEMIP	6.9e-05	3.1	1.0	1.62
ZNF296	6.7e-04	10.1	3.3	1.62
FOXD2-AS1	1.2e-07	3.6	1.2	1.62
SLC5A6	1.3e-17	45.3	14.8	1.62
SLC52A2	1.9e-09	114.3	37.1	1.62
C1orf112	q<=1.7e-18	6.4	2.1	1.62
KIF26B	q<=1.7e-18	3.1	1.0	1.62
GRB7	2.3e-07	74.3	24.4	1.61
RFC4	8.6e-14	52.1	17.1	1.61
SYT7	4.8e-11	6.6	2.1	1.61
CNKSR1	8.7e-06	45.1	14.8	1.60
PACC1	6.4e-12	14.1	4.6	1.60
DIPK2B	9.5e-04	5.5	16.7	-1.60
SCD	3.7e-10	133.3	43.8	1.60
EIF4EBP1	9.1e-09	165.3	55.0	1.59
DQX1	7.4e-04	5.0	1.7	1.59
TFAP2A	2.3e-06	22.8	7.6	1.59
ERVMER34-1	6.7e-10	3.0	1.0	1.59
CHTF18	5.2e-13	22.6	7.5	1.59
SRCIN1	9.4e-05	4.7	1.6	1.59
MIR3916	3.9e-04	14.3	4.8	1.58
MFAP2	1.1e-14	57.4	19.1	1.58
NEIL3	2.8e-06	3.0	1.0	1.58
BCL2L12	2.1e-11	46.2	15.4	1.58
TSC22D3	6.5e-05	89.4	265.7	-1.57
C2orf15	4.0e-08	4.5	1.5	1.57
MPP7	4.6e-04	9.7	28.8	-1.57
CMTM5	5.2e-04	1.0	3.0	-1.57
PET100	1.9e-07	7.2	2.4	1.57
AGRN	1.5e-09	124.6	42.0	1.57
MROH6	1.4e-06	16.8	5.7	1.56
RAB17	3.0e-05	18.5	6.3	1.56
ALKBH6	q<=1.7e-18	4.3	1.5	1.56
RNFT2	q<=1.7e-18	2.9	1.0	1.55
CPEB3	6.5e-04	1.2	3.6	-1.55
ZNF516	5.5e-05	4.3	12.6	-1.55
SNHG1	1.3e-07	105.1	35.9	1.55
RPP21	3.6e-08	4.2	1.4	1.55
LRP8	5.9e-13	2.9	1.0	1.55
HASPIN	1.5e-13	2.9	1.0	1.55
MIR210HG	2.8e-09	8.8	3.0	1.54
ZDHHC23	2.1e-10	4.6	1.6	1.54
TP73	1.9e-11	3.8	1.3	1.54
CTSF	4.7e-04	41.4	120.2	-1.54
CFH	6.1e-04	41.2	119.4	-1.54
JUNB	8.9e-04	353.1	1020.7	-1.53
ADAMTS12	1.1e-05	3.1	1.1	1.53
XCL1	7.1e-08	3.7	1.3	1.53
KRT8	3.5e-05	2141.1	740.0	1.53
ACOT4	7.6e-14	7.8	2.7	1.53
HELLS	1.0e-14	18.2	6.3	1.53
SSBP2	2.6e-04	3.4	9.7	-1.52
ARHGAP39	q<=1.7e-18	8.1	2.8	1.52
CASP14	3.6e-05	2.9	1.0	1.52
CNPY2	5.0e-09	5.7	2.0	1.52
ZNF525	2.8e-11	8.0	2.8	1.52
SOX9	7.5e-07	14.1	4.9	1.52
OXLD1	8.1e-07	73.3	25.7	1.51
TINAGL1	1.1e-09	324.2	113.8	1.51
CXCL9	5.4e-07	10.9	3.9	1.51
C16orf95-DT	5.8e-09	2.9	1.0	1.51
ZNF468	9.1e-07	9.2	3.2	1.50
KIF20B	1.5e-06	6.7	2.4	1.50
C1orf21	3.1e-05	10.9	31.0	-1.50
CLCN2	5.6e-13	5.1	1.8	1.50
PROS1	5.7e-04	7.7	21.8	-1.50
RADX	2.5e-06	10.3	3.7	1.49
SLC2A6	5.5e-08	16.7	6.0	1.49
LLGL2	7.6e-05	90.0	32.1	1.49
LINC00665	1.3e-08	56.4	20.1	1.49
C1orf53	5.0e-15	9.5	3.4	1.49
HOXC6	q<=1.7e-18	2.8	1.0	1.49
APOBEC3B	6.0e-10	11.4	4.0	1.49
DGLUCY	8.1e-05	27.0	75.9	-1.49
SRD5A1	5.1e-06	6.5	2.3	1.49
CCNE2	3.5e-15	2.8	1.0	1.48
PILRB	3.7e-15	4.8	1.7	1.48
MRPL12	2.0e-05	24.4	8.8	1.48
C19orf48	2.9e-10	110.6	39.6	1.48
ANKEF1	3.2e-06	5.5	2.0	1.48
MNX1-AS1	1.2e-08	2.8	1.0	1.48
SHF	8.9e-05	4.2	11.8	-1.48
C10orf143	1.2e-04	2.7	7.7	-1.48
LBX2	q<=1.7e-18	2.8	1.0	1.47
TMEM88	8.6e-04	8.7	24.1	-1.47
PTN	1.2e-04	18.4	51.1	-1.47
FAAP24	1.2e-11	7.3	2.6	1.47
GGCT	2.3e-10	90.1	32.6	1.47
HOXC13	q<=1.7e-18	2.8	1.0	1.46
GEN1	1.0e-12	5.0	1.8	1.46
EFNA4	6.5e-09	33.7	12.2	1.46
FERMT1	2.0e-05	34.6	12.6	1.46
CBX8	q<=1.7e-18	7.3	2.6	1.46
EPHB2	2.3e-15	6.3	2.3	1.46
DTYMK	8.0e-06	89.5	32.5	1.46
TMSB10	1.0e-03	6656.2	2428.4	1.46
SH3D21	8.8e-05	6.1	2.2	1.46
MIS18A	1.3e-12	31.9	11.6	1.46
LOC100130449	9.9e-04	8.5	3.1	1.45
NFE2L3	7.0e-10	22.0	8.1	1.45
TMC6	6.3e-07	53.8	19.7	1.45
KDELR3	1.2e-07	38.7	14.3	1.44
PCNA	3.4e-10	278.5	102.6	1.44
C9orf116	2.2e-07	14.5	5.4	1.44
EEPD1	1.1e-04	3.7	10.0	-1.44
MTG1	1.1e-14	3.3	1.2	1.44
MIR6859-1	8.6e-17	4.5	1.7	1.44
MST1	1.6e-05	6.4	2.4	1.44
CENPH	2.2e-11	23.4	8.6	1.44
NUP210	3.7e-15	23.2	8.5	1.44
ZNF681	6.9e-07	2.7	1.0	1.44
TNFRSF25	1.4e-06	23.3	8.6	1.43
SEC14L2	8.6e-14	6.6	2.4	1.43
DSCC1	1.5e-10	10.0	3.7	1.43
ZNF738	1.2e-12	8.0	3.0	1.43
SPINT1	1.1e-05	283.6	105.1	1.43
USP18	1.1e-11	8.5	3.2	1.43
CENPX	5.4e-11	172.7	64.1	1.43
HGH1	5.2e-14	41.3	15.4	1.43
RAB5IF	6.9e-06	2.7	1.0	1.43
AATBC	1.0e-11	5.5	2.1	1.42
ST20	2.8e-09	4.8	1.8	1.42
IGFBP3	1.0e-04	618.7	231.2	1.42
INCENP	4.1e-06	17.4	6.5	1.42
SLC12A9-AS1	4.5e-06	3.1	1.1	1.42
CASC9	1.0e-04	13.8	5.2	1.42
PRSS16	1.9e-06	12.5	4.7	1.42
S100A1	5.9e-04	2.7	1.0	1.41
LINC00960	5.3e-06	6.5	2.4	1.41
HOXC4	4.5e-18	2.6	1.0	1.41
RTKN	1.3e-17	39.1	14.7	1.41
GPC2	1.1e-14	2.6	1.0	1.41
G2E3-AS1	q<=1.7e-18	2.7	1.0	1.41
MCM4	6.3e-16	85.1	32.1	1.41
KCP	2.5e-10	2.7	1.0	1.41
CTU1	7.2e-10	5.6	2.1	1.41
TNFSF12	6.5e-04	16.6	44.2	-1.41
MTHFD1L	6.3e-14	23.1	8.7	1.40
PPP1R14B	3.0e-12	309.8	117.3	1.40
AGMAT	1.4e-08	3.9	1.5	1.40
DONSON	q<=1.7e-18	18.3	7.0	1.40
RCC1	2.4e-14	88.7	33.6	1.40
POLD1	q<=1.7e-18	23.7	9.0	1.40
FBXO41	1.6e-11	5.2	2.0	1.40
RNF207	3.9e-05	10.5	4.0	1.40
TRIM59	9.4e-10	6.2	2.3	1.40
OIP5	2.9e-13	2.6	1.0	1.40
SRF	3.9e-04	41.0	108.3	-1.40
IRF9	5.1e-10	5.0	1.9	1.40
SDF2L1	1.5e-07	76.4	28.9	1.40
UPK1B	5.8e-04	156.3	59.3	1.40
CYB561	4.3e-09	99.3	37.8	1.39
DDX11	6.9e-10	27.1	10.3	1.39
DSN1	6.9e-10	31.6	12.0	1.39
SLC29A2	2.2e-17	10.7	4.1	1.39
ZNF692	4.2e-10	41.3	15.8	1.39
TMX4	7.1e-04	16.2	42.4	-1.39
GABRA3	5.5e-06	3.4	1.3	1.38
YDJC	3.2e-13	60.3	23.1	1.38
MFSD13A	3.1e-14	7.4	2.8	1.38
FASN	q<=1.7e-18	98.9	38.1	1.38
NUDT1	2.0e-05	82.1	31.6	1.38
PPP1R13L	5.4e-04	93.8	36.1	1.38
ALG3	5.9e-13	119.7	45.9	1.38
RELL2	q<=1.7e-18	2.6	1.0	1.38
PLA2G7	1.4e-04	6.5	2.5	1.38
C1orf159	4.5e-09	25.3	9.8	1.37
BOLA2B	9.3e-05	7.8	3.0	1.37
SHMT2	2.5e-15	138.8	53.8	1.37
HES4	2.8e-05	43.8	17.0	1.37
MID2	4.4e-04	2.1	5.4	-1.37
PXYLP1	8.1e-10	18.2	7.0	1.37
PDIA4	4.4e-12	279.5	108.1	1.37
EPN3	2.0e-04	38.5	14.9	1.37
ARHGEF6	6.2e-04	6.8	17.6	-1.36
FSCN1	1.7e-09	202.9	78.9	1.36
BRI3BP	8.5e-11	9.9	3.9	1.36
IGF2BP2	q<=1.7e-18	7.8	3.0	1.36
LINC00278	5.3e-06	2.6	1.0	1.36
SNORA11F	4.4e-10	4.3	1.7	1.36
JTB	2.0e-07	23.6	9.2	1.36
MIR200CHG	1.0e-06	39.9	15.5	1.36
IRF5	1.3e-10	28.5	11.1	1.36
LINC01213	8.3e-04	4.8	1.9	1.36
DHCR7	1.2e-11	64.3	25.2	1.35
TREM2	q<=1.7e-18	14.5	5.7	1.35
NME2	1.4e-06	4.5	1.8	1.35
TRIB3	4.7e-16	30.0	11.7	1.35
JPT1	3.4e-09	334.6	131.7	1.35
ZNF600	3.1e-09	12.7	5.0	1.35
MCM5	1.7e-05	63.9	25.1	1.35
CASP2	2.8e-11	35.1	13.7	1.35
LIN9	2.8e-05	6.4	2.5	1.35
LINC00649	9.3e-08	12.9	5.1	1.35
GJB7	1.5e-10	2.6	1.0	1.35
CDH24	1.2e-16	9.6	3.8	1.35
FADD	1.2e-12	3.9	1.5	1.34
ACTL6A	1.8e-09	68.4	27.1	1.34
RUSC1-AS1	8.7e-16	5.2	2.0	1.34
TMEM52	3.9e-17	2.9	1.1	1.34
MARCKSL1	1.7e-08	391.2	154.1	1.34
ZNF92	6.1e-11	7.6	3.0	1.34
IGFL2-AS1	3.2e-13	2.5	1.0	1.34
LIG1	1.8e-11	35.1	13.9	1.34
LMO7-AS1	q<=1.7e-18	2.5	1.0	1.34
TNRC6C	1.0e-03	2.7	6.7	-1.33
POLA2	6.6e-07	5.8	2.3	1.33
MRM1	2.7e-09	17.4	6.9	1.33
FAM171A2	1.0e-17	2.5	1.0	1.33
MANEAL	2.8e-06	6.3	2.5	1.33
ZNF675	1.6e-06	10.3	4.1	1.33
TCF19	7.8e-11	28.1	11.1	1.33
UBALD2	5.3e-06	194.1	77.0	1.33
SCAT2	q<=1.7e-18	2.5	1.0	1.33
STRIP2	q<=1.7e-18	2.5	1.0	1.33
PM20D1	9.1e-11	1.4	3.6	-1.32
KRTCAP2	1.1e-07	14.9	6.0	1.32
PTPRR	4.5e-07	3.3	1.3	1.32
CHAC2	4.1e-05	5.9	2.4	1.32
ZBTB4	3.9e-04	33.1	82.7	-1.32
CENPL	3.4e-07	8.6	3.5	1.32
WDR90	5.9e-17	14.9	6.0	1.32
ABLIM1	5.1e-04	29.2	73.0	-1.32
PAM16	2.3e-08	13.2	5.3	1.32
ITGA9-AS1	5.3e-04	8.5	21.0	-1.31
SLC30A2	2.2e-08	2.7	1.1	1.31
PGP	2.7e-05	16.1	6.5	1.31
TBL1X	1.0e-03	13.9	34.4	-1.31
HENMT1	9.5e-06	25.3	10.2	1.31
GABARAPL1	1.5e-04	77.9	193.2	-1.31
MYB	3.3e-11	2.6	1.1	1.31
KIF22	1.6e-09	66.6	26.8	1.31
CMPK2	1.2e-10	13.4	5.5	1.30
C18orf54	9.9e-07	3.1	1.3	1.30
TEAD4	6.6e-06	20.2	8.2	1.30
JAK2	3.9e-04	4.1	10.1	-1.30
RFC3	4.8e-10	22.4	9.1	1.30
KAT2A	1.3e-10	69.8	28.4	1.30
HCN3	q<=1.7e-18	4.2	1.7	1.30
MEF2D	1.9e-04	21.7	53.6	-1.30
ATAD3A	3.0e-06	43.3	17.6	1.30
DBF4	5.7e-16	10.6	4.3	1.30
BRCA2	1.1e-09	2.4	1.0	1.29
MXD3	1.1e-06	15.1	6.2	1.29
LPAR2	2.8e-04	48.9	20.0	1.29
RCBTB2	1.0e-05	9.2	22.6	-1.29
LSR	1.8e-04	396.7	162.4	1.29
ZNF93	2.5e-07	7.3	3.0	1.29
BOP1	2.1e-08	87.6	35.7	1.29
CCDC14	2.0e-13	26.3	10.8	1.28
FAM110A	6.0e-07	62.2	25.6	1.28
POU6F1	9.0e-04	2.0	5.0	-1.28
NCAPD2	1.6e-08	61.4	25.4	1.28
PYCR3	3.3e-06	17.1	7.0	1.28
BAIAP2L2	2.5e-06	3.1	1.3	1.28
EPSTI1	6.2e-08	19.5	8.0	1.28
FANCB	q<=1.7e-18	2.4	1.0	1.28
CNIH2	5.3e-08	2.4	1.0	1.28
CCNL2	7.9e-07	102.5	42.1	1.28
KIZ	7.7e-04	19.8	48.0	-1.28
SMYD2	3.1e-08	65.8	27.0	1.28
C19orf73	2.4e-15	3.4	1.4	1.28
ZGRF1	q<=1.7e-18	2.4	1.0	1.28
ZNF107	1.8e-10	6.9	2.8	1.28
CCDC167	1.9e-06	74.3	30.9	1.27
XRCC3	9.8e-08	17.7	7.3	1.27
MCM8	2.1e-13	2.8	1.2	1.27
ZFP69B	1.3e-08	2.4	1.0	1.27
PLXNA1	q<=1.7e-18	35.5	14.7	1.27
VSIR	1.0e-04	24.8	59.6	-1.27
PRIM1	6.3e-08	6.8	2.8	1.27
SLC37A4	7.5e-13	24.7	10.3	1.27
MEN1	4.9e-11	52.8	21.8	1.27
PPP1R35	1.2e-06	24.6	10.2	1.27
ZWILCH	2.0e-10	12.7	5.2	1.27
YIF1B	5.4e-09	42.1	17.4	1.27
C1QTNF12	1.2e-06	2.4	1.0	1.27
FBXO6	3.2e-13	35.0	14.6	1.27
SASS6	2.3e-10	5.4	2.2	1.27
FIGNL1	1.1e-08	10.0	4.2	1.26
MYO19	1.4e-14	33.7	14.1	1.26
TSHZ1	7.0e-04	8.5	20.4	-1.26
RBL1	6.9e-12	8.8	3.7	1.26
SANBR	9.9e-10	9.2	3.9	1.26
LMNB2	8.9e-10	67.3	28.1	1.26
LRRC49	6.7e-04	1.8	4.4	-1.26
ITGB4	2.1e-04	226.8	94.7	1.26
TEF	2.0e-04	12.4	29.7	-1.26
OLR1	4.4e-10	5.9	2.5	1.26
CLYBL	1.4e-05	2.7	6.5	-1.25
LTBP3	8.1e-04	42.8	102.0	-1.25
PBXIP1	5.5e-04	117.9	280.8	-1.25
C12orf75	9.0e-11	19.0	8.0	1.25
PAX8-AS1	8.8e-05	29.5	12.4	1.25
RNF128	4.1e-04	66.0	27.7	1.25
P3H4	8.6e-13	36.5	15.4	1.25
ETV7	8.8e-05	19.9	8.4	1.25
DYNLT2B	6.1e-15	4.4	1.9	1.24
FCGR3A	1.9e-09	26.5	11.2	1.24
SPDL1	5.0e-06	9.0	3.8	1.24
NAA40	8.2e-18	21.4	9.1	1.24
PSORS1C2	4.4e-11	2.4	1.0	1.24
CDCA4	q<=1.7e-18	26.5	11.2	1.24
SPATC1L	2.4e-06	17.1	7.3	1.23
HID1	1.2e-05	58.3	24.9	1.23
FNDC10	4.1e-13	18.3	7.8	1.23
CEP131	5.8e-11	21.6	9.2	1.23
FAM229B	9.8e-04	4.0	9.3	-1.23
KNOP1	6.7e-12	5.9	2.5	1.23
FAM72B	q<=1.7e-18	2.3	1.0	1.23
RPA3	2.5e-07	33.0	14.1	1.23
EFNA1	8.8e-06	138.2	58.7	1.23
FCGR1A	1.9e-09	3.0	1.3	1.23
ANKRD53	9.1e-04	1.0	2.4	-1.23
PSENEN	9.7e-08	53.0	22.6	1.23
LRRC61	1.4e-11	14.1	6.0	1.23
NEK1	4.3e-04	4.8	11.3	-1.23
NDC1	2.6e-08	25.2	10.7	1.23
HMGA1	3.7e-06	402.0	170.9	1.23
ANO1	4.0e-06	19.1	8.2	1.22
SPINT1-AS1	9.8e-04	25.4	10.9	1.22
UNC13D	4.6e-15	41.0	17.7	1.22
TEPSIN	4.6e-11	11.1	4.8	1.22
SLC66A1	q<=1.7e-18	28.4	12.2	1.22
ADAM8	1.5e-07	44.4	19.1	1.22
KIF3C	1.2e-07	12.9	5.6	1.22
RGS19	5.3e-07	34.8	14.9	1.22
PTK7	2.6e-05	74.1	31.7	1.22
ATAD3B	1.5e-04	21.9	9.4	1.22
RFC2	6.0e-13	61.8	26.6	1.22
SLC35F2	5.1e-09	20.2	8.7	1.22
SLC38A7	9.4e-13	18.5	8.0	1.22
RFC5	1.7e-10	22.7	9.8	1.22
PSMB3	4.0e-06	561.4	241.2	1.22
MVK	1.0e-05	28.8	12.3	1.22
AASS	9.5e-04	4.4	10.1	-1.22
NMB	3.0e-11	50.0	21.5	1.22
KIF24	1.5e-04	2.3	1.0	1.21
AP1M2	8.7e-05	142.7	61.7	1.21
PIP5KL1	6.3e-11	2.3	1.0	1.21
CCDC137	3.8e-10	58.2	25.1	1.21
ATP5MF	6.4e-12	262.4	113.2	1.21
MAMDC4	6.7e-10	4.7	2.0	1.21
RALY-AS1	9.3e-09	22.7	9.8	1.21
MOAP1	6.4e-04	22.2	51.4	-1.21
DDX39A	4.1e-09	162.2	70.1	1.21
PROSER2	1.7e-12	11.4	4.9	1.21
ZSCAN16	1.9e-11	9.3	4.0	1.21
RHBDF2	9.1e-09	31.1	13.4	1.21
DLX5	2.8e-04	5.7	2.5	1.20
NUP62CL	6.6e-09	2.7	1.2	1.20
EVA1A	q<=1.7e-18	2.3	1.0	1.20
TLE4	1.1e-04	10.0	23.1	-1.20
STK40	2.3e-04	29.5	67.9	-1.20
CCSAP	8.0e-09	7.1	3.1	1.20
RAD9A	1.1e-09	26.5	11.6	1.20
KLF13	7.3e-04	23.7	54.1	-1.20
LINC01615	2.8e-10	2.3	1.0	1.20
GOLGA8B	7.3e-05	6.0	2.6	1.20
DARS2	7.3e-11	26.6	11.6	1.20
BRICD5	5.0e-08	7.9	3.4	1.20
RCC2	9.3e-12	121.3	52.8	1.20
CEP85	6.9e-11	13.0	5.7	1.20
HOXB7	5.7e-06	47.2	20.6	1.19
LY6E	6.1e-10	607.7	265.8	1.19
SLC39A11	7.0e-05	47.2	20.8	1.19
GRHL2	2.0e-04	38.7	17.0	1.19
PSMC3IP	7.0e-04	7.5	3.3	1.19
FJX1	4.8e-05	9.1	4.0	1.19
DHRS9	1.2e-04	1.9	4.4	-1.19
FBXW9	1.2e-08	15.4	6.8	1.19
FBXO5	1.8e-09	10.6	4.6	1.19
DUSP23	3.4e-05	121.5	53.2	1.19
VPS9D1-AS1	1.3e-13	4.7	2.1	1.19
ACYP1	q<=1.7e-18	36.2	15.8	1.19
ZFP36L1	2.8e-04	314.0	717.8	-1.19
TXNDC12	1.4e-04	7.2	3.1	1.19
MATN3	q<=1.7e-18	2.3	1.0	1.19
SCAPER	4.2e-04	5.1	11.7	-1.19
PSAT1	8.2e-08	32.6	14.3	1.19
GINS3	4.2e-07	10.3	4.5	1.19
CCDC150	q<=1.7e-18	2.3	1.0	1.19
DUS1L	2.0e-10	165.1	72.7	1.18
SYNGR2	9.7e-06	406.7	179.6	1.18
INKA2	6.6e-04	2.7	6.0	-1.18
WDR76	1.7e-05	8.3	3.7	1.18
AIM2	3.7e-09	14.8	6.6	1.18
MGME1	1.4e-13	35.7	15.7	1.18
SPATA6	2.1e-04	3.0	6.9	-1.18
SERINC1	5.1e-04	95.7	216.8	-1.18
LINC01535	9.7e-12	2.6	1.1	1.18
TUSC3	9.4e-04	55.2	24.4	1.18
CHAF1A	3.9e-09	28.2	12.5	1.18
SNRPB	3.3e-11	448.6	197.4	1.18
SLC50A1	1.5e-11	141.1	62.1	1.18
PFDN6	6.6e-18	192.2	84.7	1.18
KCNC3	9.0e-13	2.3	1.0	1.18
HOMER3	6.3e-14	30.8	13.7	1.18
FANCF	1.1e-05	10.9	4.8	1.18
HOXC9	q<=1.7e-18	2.3	1.0	1.18
TDRKH	5.2e-12	13.2	5.9	1.18
SLC16A3	3.9e-06	87.0	38.7	1.17
SLC6A11	1.0e-07	2.2	1.0	1.17
PANX2	1.1e-05	5.9	2.6	1.17
CEBPA	7.0e-08	15.9	7.1	1.17
