Gene	FDRAdjustedP-value	CancerSampleMed	NormalSampleMed	|log2FC|
KRT5	q<=1.7e-19	7600.6	5.9	10.34
KRT17	q<=1.7e-19	4226.1	3.3	10.32
S100A2	q<=1.7e-19	2685.2	3.4	9.62
SFN	q<=1.7e-19	3138.4	5.1	9.25
LY6D	4.0e-11	502.1	1.1	8.85
ADAM33	9.9e-06	1.8	671.6	-8.54
MIR205HG	q<=1.7e-19	360.6	1.0	8.49
FXYD1	5.2e-06	1.0	342.9	-8.42
MEG3	2.8e-06	3.5	1182.6	-8.41
KRT14	1.3e-17	638.1	1.9	8.37
S100A14	3.6e-04	1022.6	3.4	8.24
HSPB6	1.3e-05	1.1	318.5	-8.19
PCP4	7.0e-05	1.0	274.1	-8.10
PKP1	3.3e-05	270.0	1.0	8.08
PI3	7.4e-10	420.5	1.6	8.07
CXCL17	q<=1.7e-19	253.4	1.0	7.99
PDZK1IP1	q<=1.7e-19	270.7	1.1	7.89
DPT	8.0e-05	1.0	242.2	-7.86
DES	9.4e-04	3.9	884.8	-7.84
SERPINB5	6.1e-14	223.7	1.0	7.80
LAD1	1.5e-06	217.5	1.0	7.76
LAMB3	q<=1.7e-19	257.7	1.2	7.73
KRT16	3.6e-15	960.1	4.6	7.72
KRT7	q<=1.7e-19	556.8	2.7	7.71
CCN5	1.0e-04	2.2	461.0	-7.70
MAL2	1.0e-13	204.2	1.0	7.67
TACSTD2	5.0e-11	1303.9	7.1	7.51
RAB25	1.0e-08	359.9	2.0	7.51
RHOV	q<=1.7e-19	178.0	1.0	7.48
RN7SL1	6.9e-15	171.7	1.0	7.42
MASP1	7.2e-07	1.2	196.7	-7.41
EPCAM	q<=1.7e-19	165.9	1.0	7.37
UBE2C	q<=1.7e-19	315.0	1.9	7.37
CDKN2A	q<=1.7e-19	327.6	2.0	7.34
CDH1	5.7e-17	201.3	1.3	7.33
PKP3	6.7e-07	158.0	1.0	7.30
DIO3OS	6.7e-06	3.6	552.6	-7.26
DSC3	8.7e-17	152.0	1.0	7.25
DSG3	1.2e-05	151.5	1.0	7.24
SERPINB4	3.7e-09	144.6	1.0	7.18
PI16	9.7e-05	1.0	144.0	-7.17
MYH11	1.2e-04	4.3	612.9	-7.15
CCL14	2.9e-06	1.0	139.6	-7.13
KRT15	2.7e-12	334.1	2.4	7.12
PRSS8	9.9e-14	136.8	1.0	7.10
CSDC2	1.3e-06	1.0	136.5	-7.09
RRM2	q<=1.7e-19	131.1	1.0	7.03
CDC20	q<=1.7e-19	159.2	1.2	7.02
GJB3	q<=1.7e-19	127.0	1.0	6.99
RNASE4	4.2e-07	1.0	127.4	-6.99
MUSTN1	3.4e-04	1.0	124.6	-6.96
LMOD1	4.0e-07	2.2	268.2	-6.95
KRT6B	1.6e-04	123.8	1.0	6.95
MYBL2	q<=1.7e-19	122.2	1.0	6.93
EMX2	1.7e-07	1.0	116.7	-6.87
TP63	7.6e-13	127.5	1.1	6.86
PRRT2	8.5e-06	1.0	114.8	-6.81
ECRG4	5.8e-05	1.0	111.5	-6.80
CLCA2	1.9e-17	109.7	1.0	6.78
LGI4	3.2e-06	1.7	185.2	-6.76
CLDN4	1.0e-16	393.5	3.7	6.75
GSTM5	3.5e-07	1.0	109.2	-6.74
NECTIN4	8.1e-08	106.9	1.0	6.74
TNS4	1.0e-06	106.5	1.0	6.73
OGN	9.4e-05	1.0	106.2	-6.73
C7	3.1e-04	1.0	104.8	-6.71
PITX1	2.2e-05	181.3	1.7	6.71
LGALS7B	4.2e-06	103.3	1.0	6.69
AP1M2	q<=1.7e-19	101.8	1.0	6.67
APOD	4.0e-05	9.5	962.0	-6.67
IRF6	q<=1.7e-19	204.9	2.0	6.66
AURKB	q<=1.7e-19	100.0	1.0	6.64
ASF1B	q<=1.7e-19	112.4	1.1	6.64
PLSCR3	3.2e-08	1.0	99.4	-6.63
TPX2	q<=1.7e-19	98.4	1.0	6.62
FAM83A	4.6e-14	97.7	1.0	6.61
HSPB7	8.3e-06	1.0	97.0	-6.60
PGR	3.1e-06	1.0	94.3	-6.56
TOP2A	q<=1.7e-19	94.6	1.0	6.56
ARHGEF25	1.7e-07	1.0	93.6	-6.55
CLDN7	3.2e-09	197.0	2.1	6.53
ESRP1	2.4e-10	90.4	1.0	6.50
PGM5	2.5e-04	1.0	87.0	-6.44
AMT	7.3e-06	1.0	85.8	-6.42
ST14	q<=1.7e-19	235.4	2.8	6.41
MIR3654	6.1e-06	85.0	1.0	6.41
GJB5	3.3e-15	84.5	1.0	6.40
FAM83H	4.4e-13	83.8	1.0	6.39
ELF3	5.3e-07	179.7	2.2	6.36
PRLR	2.8e-05	1.2	100.6	-6.34
S100A7	3.9e-11	104.0	1.3	6.33
TK1	q<=1.7e-19	288.8	3.6	6.33
PLA2G4B	1.2e-06	1.0	78.0	-6.29
SEPTIN5	6.2e-08	1.0	77.4	-6.28
MRGPRF	4.6e-08	2.3	173.9	-6.26
BIRC5	q<=1.7e-19	76.4	1.0	6.25
PYURF	5.8e-07	75.5	1.0	6.24
DSG2	q<=1.7e-19	75.6	1.0	6.24
NCAM1	1.1e-05	1.0	74.9	-6.23
IGFBP5	9.0e-06	22.3	1654.9	-6.21
S100A8	6.9e-04	3475.9	47.2	6.20
IL20RB	1.2e-09	103.5	1.4	6.18
PRELP	1.4e-06	3.3	240.4	-6.18
FHL1	2.2e-06	7.6	553.3	-6.18
CEACAM6	4.0e-11	72.8	1.0	6.18
TMPRSS4	q<=1.7e-19	71.4	1.0	6.16
ANXA8	3.2e-09	71.7	1.0	6.16
GPRASP1	3.8e-08	1.0	70.8	-6.15
HAND2	1.2e-07	1.0	70.8	-6.15
FAM107A	9.7e-07	1.1	79.5	-6.14
F10	2.7e-05	1.0	70.6	-6.14
CBLC	q<=1.7e-19	69.8	1.0	6.13
CEACAM5	1.0e-09	70.1	1.0	6.13
RIPOR3	2.9e-06	1.6	113.7	-6.12
MIR1244-4	1.7e-18	72.3	1.0	6.12
MSLN	5.4e-08	69.1	1.0	6.11
SDC1	2.6e-14	702.3	10.2	6.11
GREB1	8.1e-07	1.3	88.1	-6.11
TMEM35B	3.3e-07	1.0	68.8	-6.11
EGFL8	3.0e-06	1.2	82.7	-6.07
HAND2-AS1	2.4e-06	1.0	66.2	-6.05
ACTA2-AS1	1.6e-04	1.0	66.4	-6.05
EMX2OS	1.4e-08	1.0	65.1	-6.03
CLDN1	q<=1.7e-19	256.8	3.9	6.03
CD68	5.4e-04	1.0	64.6	-6.01
CALML5	4.2e-10	63.8	1.0	6.00
IGF2	3.6e-05	1.0	63.6	-5.99
FGF7	1.6e-06	1.0	62.7	-5.97
PLEK2	q<=1.7e-19	62.6	1.0	5.97
LRRC4B	1.6e-07	1.0	62.5	-5.97
TNNT1	q<=1.7e-19	61.9	1.0	5.95
LMO3	5.3e-06	1.0	61.2	-5.94
PTGIS	1.2e-04	1.0	60.9	-5.93
SPINT1	3.4e-11	237.9	4.0	5.90
SYNPO2	8.0e-08	2.3	136.1	-5.87
ALDH1A2	2.1e-04	1.6	93.8	-5.87
AR	7.7e-09	1.0	57.5	-5.84
ZWINT	q<=1.7e-19	123.7	2.2	5.83
CACNA1H	7.9e-07	1.0	56.5	-5.82
TCEAL2	8.6e-05	1.0	55.8	-5.80
PODN	7.5e-07	2.9	158.6	-5.79
SERINC2	q<=1.7e-19	263.1	4.8	5.79
KIFC1	q<=1.7e-19	81.8	1.5	5.79
RAI2	1.6e-09	2.1	115.6	-5.78
CHRDL1	1.5e-04	1.0	54.1	-5.76
CDT1	q<=1.7e-19	58.4	1.1	5.76
MFSD14A	3.6e-09	1.0	54.4	-5.76
MISP	q<=1.7e-19	53.7	1.0	5.75
MYH14	q<=1.7e-19	91.6	1.7	5.74
SOCS2-AS1	2.2e-05	3.7	194.9	-5.74
CDCP1	1.1e-13	65.4	1.2	5.74
FXYD6	9.6e-07	2.0	108.3	-5.73
ACTA2	3.1e-05	32.2	1706.2	-5.73
CXCL10	9.3e-13	84.6	1.6	5.72
ECSCR	5.7e-07	1.0	52.6	-5.72
CEP55	q<=1.7e-19	52.3	1.0	5.71
PDE2A	5.9e-08	1.1	58.4	-5.70
BBS1	3.5e-08	1.0	51.8	-5.69
FLT3LG	2.2e-07	1.0	51.6	-5.69
RSPO1	4.2e-06	1.0	50.9	-5.67
SUSD4	1.1e-13	50.7	1.0	5.66
TUB	3.5e-07	1.1	54.0	-5.66
FAM83D	q<=1.7e-19	49.5	1.0	5.63
ITGB6	q<=1.7e-19	49.3	1.0	5.62
MAMDC2	5.9e-06	1.0	49.1	-5.62
MUC4	1.3e-18	48.6	1.0	5.60
MELK	q<=1.7e-19	48.2	1.0	5.59
ANLN	q<=1.7e-19	47.8	1.0	5.58
CENPM	q<=1.7e-19	65.1	1.4	5.58
LY6G5B	3.3e-07	4.0	189.1	-5.58
CDCA5	q<=1.7e-19	58.9	1.2	5.57
CHRD	5.6e-06	1.8	83.4	-5.56
C11orf96	2.9e-04	8.3	392.6	-5.56
NMU	4.3e-11	47.1	1.0	5.56
TROAP	q<=1.7e-19	46.9	1.0	5.55
IDS	2.4e-08	2.5	117.0	-5.54
HPSE2	1.7e-06	1.0	46.4	-5.54
NEK2	q<=1.7e-19	46.4	1.0	5.54
CXCL12	5.9e-06	9.2	425.2	-5.53
ESRP2	1.3e-07	46.1	1.0	5.53
PKMYT1	q<=1.7e-19	46.3	1.0	5.53
MFAP4	1.2e-06	11.8	542.8	-5.53
PTTG1	q<=1.7e-19	216.1	4.7	5.53
S100P	3.9e-13	219.7	4.8	5.53
CRB3	1.1e-12	45.8	1.0	5.52
SNORD104	q<=1.7e-19	45.9	1.0	5.52
PTH1R	1.1e-05	1.0	45.2	-5.50
COLEC12	5.5e-04	1.2	52.6	-5.48
GRB7	1.2e-07	64.9	1.5	5.47
CDC45	q<=1.7e-19	43.9	1.0	5.46
DACT3	4.4e-06	1.4	63.0	-5.45
ACAD11	1.3e-05	1.0	43.6	-5.45
PLN	2.3e-04	1.0	43.8	-5.45
KRT80	4.8e-05	43.3	1.0	5.44
KIF20A	q<=1.7e-19	43.1	1.0	5.43
PDZRN3	4.3e-08	1.9	83.0	-5.43
CDCA8	q<=1.7e-19	50.4	1.2	5.42
SPSB3	4.3e-08	1.0	42.2	-5.40
TRO	1.3e-05	1.8	77.4	-5.40
AQP3	2.7e-12	697.8	16.5	5.40
SRPX	6.3e-07	2.3	97.1	-5.40
HIF3A	1.6e-04	1.0	42.3	-5.40
PPP1R14A	2.6e-06	8.6	358.0	-5.38
MIR100HG	9.6e-07	2.8	116.8	-5.37
CA9	q<=1.7e-19	41.0	1.0	5.36
TMOD1	1.8e-07	1.3	51.0	-5.35
LRRN4CL	3.3e-08	1.3	53.7	-5.35
SDHAP2	2.8e-19	40.6	1.0	5.34
SNRPN	8.5e-08	1.3	51.5	-5.33
KDF1	q<=1.7e-19	40.2	1.0	5.33
TNXB	7.6e-07	1.4	56.8	-5.33
CAMK1	4.1e-08	1.2	49.4	-5.33
CXADR	2.1e-17	48.4	1.2	5.33
CDK1	q<=1.7e-19	126.0	3.1	5.32
FLJ32255	q<=1.7e-19	39.9	1.0	5.32
MKI67	q<=1.7e-19	39.9	1.0	5.32
SNED1	7.1e-07	1.1	42.2	-5.31
PILRB	1.6e-06	5.4	214.6	-5.31
SNX15	2.2e-08	1.0	39.3	-5.30
TCEAL7	1.2e-07	1.2	47.0	-5.30
SRCAP	3.7e-08	1.0	39.3	-5.30
RASL12	1.4e-06	2.5	100.1	-5.30
RTEL1	6.5e-08	1.0	39.2	-5.29
LOC101928731	1.1e-04	1.0	38.8	-5.28
ADRA2A	1.0e-04	1.8	69.9	-5.27
EHF	1.1e-04	38.5	1.0	5.26
FOXQ1	q<=1.7e-19	38.4	1.0	5.26
NUF2	q<=1.7e-19	38.4	1.0	5.26
GRHL2	1.5e-14	38.1	1.0	5.25
MDP1	1.1e-08	1.0	38.2	-5.25
ADH1B	6.0e-05	1.0	38.1	-5.25
PIANP	1.5e-07	1.0	38.1	-5.25
C15orf48	6.1e-05	38.0	1.0	5.25
GTF2H4	1.2e-08	1.0	37.7	-5.24
CXCL8	2.9e-12	37.2	1.0	5.22
JMJD7	3.6e-07	1.0	37.2	-5.22
TNFRSF6B	2.2e-07	1.0	37.3	-5.22
CCNB2	q<=1.7e-19	97.0	2.6	5.22
GABRP	4.8e-10	36.9	1.0	5.21
PSD	1.4e-04	1.4	51.4	-5.21
SMOC2	5.0e-05	4.5	166.0	-5.19
CNTFR	3.3e-05	1.0	36.5	-5.19
KIF2C	q<=1.7e-19	57.3	1.6	5.19
NDST2	4.9e-09	1.0	36.5	-5.19
KCNMA1	2.9e-05	1.2	43.5	-5.19
SHISAL1	6.5e-07	1.0	36.0	-5.17
UPK3BL1	1.1e-05	1.0	36.0	-5.17
AARSD1	1.4e-08	1.7	59.6	-5.14
HES2	1.8e-12	35.1	1.0	5.13
CENPU	q<=1.7e-19	44.9	1.3	5.13
NR2F2-AS1	4.7e-06	1.0	35.1	-5.13
CAPN3	1.8e-06	1.0	35.1	-5.13
TMEM132C	1.8e-06	1.0	34.9	-5.12
KIF11	q<=1.7e-19	34.7	1.0	5.12
INAVA	9.0e-15	34.8	1.0	5.12
AOC3	9.6e-05	2.3	80.5	-5.12
ASNS	9.0e-07	1.0	34.4	-5.11
ZSCAN18	2.9e-11	1.7	60.1	-5.11
COL14A1	1.6e-04	2.3	77.8	-5.11
SALL1	2.0e-06	1.0	34.6	-5.11
ALDH3B2	2.2e-05	34.6	1.0	5.11
IL10RB	1.5e-08	1.0	34.4	-5.10
NICN1	7.1e-07	1.0	34.3	-5.10
SLIT3	4.5e-06	1.0	34.0	-5.09
DCN	8.0e-09	28.7	981.9	-5.09
LAMA2	1.3e-05	1.2	40.7	-5.08
DLGAP5	q<=1.7e-19	33.6	1.0	5.07
GNA15	q<=1.7e-19	85.6	2.6	5.07
CASTOR1	1.9e-05	1.0	33.4	-5.06
TTLL3	1.3e-05	5.4	179.0	-5.06
MSX1	4.7e-06	3.2	105.8	-5.06
GIMAP5	4.3e-05	1.0	33.2	-5.05
KRT8	q<=1.7e-19	1060.8	32.0	5.05
CILP	6.9e-04	1.0	33.2	-5.05
KLHDC7B	q<=1.7e-19	33.0	1.0	5.04
SPEG	6.7e-05	3.0	97.2	-5.04
IGSF9	q<=1.7e-19	33.0	1.0	5.04
NFATC4	7.3e-08	5.8	191.5	-5.04
CLIP3	2.5e-09	3.3	107.4	-5.04
LAMP3	q<=1.7e-19	32.6	1.0	5.03
WT1	2.3e-04	1.0	32.6	-5.03
REM1	4.5e-06	1.0	32.7	-5.03
UHRF1	q<=1.7e-19	32.5	1.0	5.02
GPX2	1.2e-09	36.5	1.1	5.02
LDHB	4.7e-08	13.6	440.4	-5.02
CENPA	q<=1.7e-19	32.3	1.0	5.01
NOP2	2.4e-07	1.0	32.1	-5.01
SLC7A2	6.6e-06	1.5	47.0	-5.00
PBK	q<=1.7e-19	32.1	1.0	5.00
CDKN3	q<=1.7e-19	64.3	2.0	5.00
EPHX3	3.9e-11	61.1	1.9	4.99
RPRM	4.3e-04	1.0	31.7	-4.99
GSTM2	1.2e-05	4.2	133.3	-4.98
OASL	q<=1.7e-19	31.5	1.0	4.98
TTC4	1.2e-08	1.1	33.2	-4.97
PRR4	1.8e-06	1.0	32.9	-4.97
ESR1	2.6e-07	4.7	145.8	-4.96
CENPF	q<=1.7e-19	31.2	1.0	4.96
DENND2A	5.7e-08	1.5	45.8	-4.96
RIPK4	3.0e-06	31.1	1.0	4.96
PPP1R14C	2.2e-06	31.1	1.0	4.96
LCN6	5.2e-04	1.0	31.2	-4.96
VSNL1	3.7e-09	30.8	1.0	4.95
CHD1L	1.4e-07	1.0	30.8	-4.95
NXPH4	q<=1.7e-19	30.9	1.0	4.95
MYLK	1.4e-05	5.7	178.2	-4.95
SAP25	2.9e-06	1.0	30.8	-4.94
TGFBR3	1.1e-08	3.2	96.8	-4.94
CDK3	1.8e-06	1.0	30.7	-4.94
DIO3	2.7e-04	1.1	31.9	-4.93
GGT6	8.2e-09	30.6	1.0	4.93
FBXL7	2.1e-09	1.2	37.5	-4.93
RBM24	3.1e-05	1.0	30.2	-4.92
CKS2	q<=1.7e-19	217.3	7.2	4.92
IQGAP3	q<=1.7e-19	30.2	1.0	4.92
ADRA2C	5.8e-05	3.5	106.8	-4.91
FOXL2NB	5.2e-06	1.0	30.0	-4.91
ARHGEF10	2.9e-07	1.0	30.0	-4.91
PID1	3.3e-07	1.8	54.1	-4.90
COL17A1	6.4e-05	29.9	1.0	4.90
GPIHBP1	2.4e-07	1.0	29.7	-4.89
NDN	8.7e-11	5.3	158.0	-4.89
F2RL1	q<=1.7e-19	29.4	1.0	4.88
SGPP2	7.7e-19	29.5	1.0	4.88
TAGLN	1.4e-04	32.4	955.5	-4.88
WNT7B	q<=1.7e-19	29.4	1.0	4.88
FAM111B	q<=1.7e-19	29.3	1.0	4.87
PEAR1	2.0e-09	1.6	46.5	-4.87
EGLN2	1.5e-06	4.3	124.9	-4.87
RERGL	2.8e-04	1.0	29.3	-4.87
GINS1	q<=1.7e-19	31.1	1.1	4.86
CXCL1	2.0e-08	111.9	3.9	4.86
CFD	1.3e-04	17.2	501.2	-4.86
ALDH3A1	3.9e-10	28.8	1.0	4.85
AURKA	q<=1.7e-19	44.2	1.5	4.85
LINC00958	q<=1.7e-19	28.9	1.0	4.85
MIR497HG	1.3e-06	1.0	28.9	-4.85
ATOH8	5.3e-09	1.0	28.7	-4.84
CDC6	q<=1.7e-19	28.6	1.0	4.84
BIK	q<=1.7e-19	28.6	1.0	4.84
ADAMTS10	1.8e-06	1.6	45.7	-4.83
SDR16C5	4.3e-04	28.5	1.0	4.83
ATP1B2	6.8e-07	1.0	28.4	-4.83
LIMS2	3.3e-07	7.6	216.0	-4.83
SPARCL1	9.8e-07	42.1	1185.7	-4.82
CNRIP1	1.2e-10	3.5	100.2	-4.82
FOXM1	q<=1.7e-19	45.0	1.6	4.82
TNS2	1.1e-08	11.7	327.8	-4.81
AGAP6	1.3e-07	1.0	28.0	-4.81
ACOX2	2.3e-08	1.0	27.9	-4.80
IGFBP6	2.3e-04	25.3	707.1	-4.80
KLF15	4.8e-06	1.0	27.9	-4.80
FIBIN	3.4e-05	1.1	31.2	-4.79
CELF6	8.1e-06	1.0	27.6	-4.78
KLF5	3.3e-13	289.3	10.5	4.78
TWIST2	9.9e-08	6.8	186.4	-4.78
EFHD1	1.7e-07	5.4	147.3	-4.78
ABCA9	1.8e-05	1.0	27.3	-4.77
CGNL1	1.3e-06	1.5	40.5	-4.77
LAT	6.8e-06	1.0	27.3	-4.77
C1orf116	1.9e-04	27.0	1.0	4.76
CYTL1	5.0e-05	1.0	27.2	-4.76
VSTM4	2.6e-09	1.5	39.4	-4.76
PALM	7.7e-10	4.3	117.3	-4.76
DTL	q<=1.7e-19	27.1	1.0	4.76
SMIM22	1.3e-10	27.2	1.0	4.76
COL4A6	1.5e-05	1.0	27.1	-4.76
LCN10	6.7e-04	1.0	26.9	-4.75
THBS2	3.3e-06	4.3	116.6	-4.75
LAMC2	q<=1.7e-19	116.4	4.3	4.75
EBF1	2.0e-07	1.0	26.7	-4.74
NPR2	2.0e-08	1.7	44.3	-4.74
PLEKHH2	2.9e-05	1.8	47.1	-4.74
CPED1	1.0e-08	1.0	27.2	-4.74
STIMATE	7.4e-08	1.0	26.8	-4.74
S1PR5	8.3e-14	26.7	1.0	4.74
BNC1	q<=1.7e-19	26.7	1.0	4.74
ARHGEF16	2.4e-18	52.7	2.0	4.74
PCLAF	q<=1.7e-19	26.7	1.0	4.74
ALG1L	q<=1.7e-19	50.4	1.9	4.73
MRM2	6.8e-08	1.0	26.5	-4.73
LMNB1	q<=1.7e-19	108.1	4.1	4.73
RAMP1	2.4e-06	25.5	678.4	-4.73
LDOC1	5.2e-10	1.4	37.2	-4.73
NR2F1	6.6e-08	3.7	97.8	-4.73
GSDMC	7.2e-09	26.5	1.0	4.73
SORBS1	3.8e-05	2.4	64.4	-4.72
MMRN1	3.6e-06	1.0	26.3	-4.72
CLEC3B	1.4e-04	1.6	41.2	-4.71
TAFA5	8.6e-07	1.1	27.8	-4.71
DAAM2	1.1e-07	1.0	26.0	-4.70
FAT2	3.3e-12	26.0	1.0	4.70
LINC02541	q<=1.7e-19	25.9	1.0	4.70
ADGRD1	6.5e-06	1.0	25.9	-4.70
PLAC9	1.5e-06	3.7	96.5	-4.69
BUB1	q<=1.7e-19	25.8	1.0	4.69
CKLF	1.3e-08	1.0	25.8	-4.69
CDO1	1.5e-09	1.0	25.9	-4.69
EDNRB	2.2e-06	1.0	25.9	-4.69
PLPP3	3.3e-06	18.4	476.8	-4.69
AIM2	q<=1.7e-19	26.2	1.0	4.68
CA2	2.8e-11	40.1	1.6	4.68
MEF2B	2.6e-07	1.0	25.7	-4.68
ADGRA2	1.6e-07	2.5	63.0	-4.68
ITGA8	6.5e-06	1.3	32.1	-4.67
WDR86	8.6e-04	1.5	37.4	-4.66
SPEF2	6.5e-05	1.0	25.2	-4.66
GINS2	q<=1.7e-19	38.4	1.5	4.65
DAPL1	1.4e-04	25.0	1.0	4.65
IDO1	1.1e-16	43.1	1.7	4.65
KIF4A	q<=1.7e-19	25.1	1.0	4.65
PERP	1.9e-07	701.6	28.2	4.64
MITF	3.0e-07	3.5	86.9	-4.64
ADCY4	2.3e-07	2.9	72.9	-4.64
BMERB1	4.4e-09	3.7	92.8	-4.64
ZNF410	2.7e-09	1.0	25.0	-4.64
TFAP2A	3.0e-14	41.9	1.7	4.64
EPDR1	2.0e-09	2.9	73.0	-4.63
SLC25A32	4.7e-08	1.0	24.8	-4.63
DPY19L2	3.7e-04	1.0	24.8	-4.63
FMC1	2.2e-08	1.0	24.8	-4.63
RPL26	7.1e-08	90.2	2233.2	-4.63
TTK	q<=1.7e-19	24.8	1.0	4.63
ITGA11	1.6e-05	1.5	35.7	-4.62
RAB4B	8.0e-09	1.4	34.9	-4.62
ABI3BP	2.6e-05	1.6	38.8	-4.62
ADHFE1	4.8e-05	1.3	31.8	-4.62
PDGFRA	1.7e-06	3.4	82.6	-4.62
CTSV	7.5e-06	24.7	1.0	4.62
ITGA7	4.1e-06	3.5	86.3	-4.62
SNORD10	2.6e-07	1.0	24.5	-4.62
JAM2	2.2e-08	1.7	42.0	-4.61
SNHG3	q<=1.7e-19	24.5	1.0	4.61
SOX9	q<=1.7e-19	33.1	1.4	4.61
DDR2	5.0e-08	1.9	46.0	-4.60
GALNT3	q<=1.7e-19	46.6	1.9	4.60
ZNF667-AS1	1.4e-10	1.4	34.2	-4.60
CCNB1	q<=1.7e-19	135.0	5.6	4.60
SYTL1	2.1e-04	86.9	3.6	4.60
BSPRY	4.8e-13	24.2	1.0	4.60
TGFA	6.0e-11	23.8	1.0	4.58
BICDL1	2.1e-07	24.0	1.0	4.58
COL21A1	8.8e-05	1.2	27.6	-4.57
ITGA9	1.4e-05	1.0	23.6	-4.56
MAD1L1	6.3e-09	1.0	23.6	-4.56
APOBEC3B	q<=1.7e-19	23.4	1.0	4.55
AOX1	7.4e-05	1.0	23.4	-4.55
CENPK	q<=1.7e-19	32.9	1.4	4.55
SNORA8	5.2e-06	1.0	23.4	-4.55
BCHE	2.4e-04	1.0	23.4	-4.55
RAD51	q<=1.7e-19	23.2	1.0	4.54
KRTCAP2	7.1e-08	16.8	389.6	-4.54
NRXN2	1.3e-06	1.0	23.3	-4.54
C2orf74	4.4e-07	1.0	23.3	-4.54
TEDC2	q<=1.7e-19	24.3	1.0	4.54
DCHS1	3.3e-06	1.5	34.4	-4.54
FAM162B	3.0e-07	1.0	23.3	-4.54
GPX3	1.3e-04	44.7	1035.6	-4.53
GTSE1	q<=1.7e-19	23.1	1.0	4.53
RHBDL2	2.2e-18	23.1	1.0	4.53
RAD51AP1	q<=1.7e-19	24.9	1.1	4.52
CAVIN2	2.1e-05	2.0	46.0	-4.52
CCL20	4.9e-06	23.0	1.0	4.52
KIAA1755	5.8e-06	1.0	22.9	-4.51
ST3GAL3	1.8e-07	1.5	34.1	-4.51
GALNT15	6.0e-05	1.0	22.8	-4.51
CDK11A	8.3e-07	1.3	29.8	-4.50
SPOUT1	7.1e-08	1.0	22.6	-4.50
PLEKHG6	1.3e-06	22.6	1.0	4.50
ZCCHC24	2.2e-08	3.6	81.0	-4.50
C10orf99	2.2e-04	22.6	1.0	4.50
KCNMB1	4.4e-04	1.3	29.0	-4.49
SOD3	3.7e-06	12.9	290.7	-4.49
FAM110C	3.9e-05	26.0	1.2	4.49
MIR25	q<=1.7e-19	22.5	1.0	4.49
SPC25	q<=1.7e-19	22.5	1.0	4.49
ORC6	q<=1.7e-19	30.3	1.4	4.48
MIR9-3HG	q<=1.7e-19	22.3	1.0	4.48
HJURP	q<=1.7e-19	22.4	1.0	4.48
IPO4	2.5e-06	1.0	22.3	-4.48
TGM2	3.1e-07	60.4	1346.1	-4.48
PCDH18	3.5e-08	1.3	28.3	-4.48
HK2	3.6e-19	53.5	2.4	4.48
ECM2	1.7e-06	2.0	45.3	-4.48
EPN3	3.8e-08	23.2	1.0	4.48
ZEB1	4.0e-10	3.0	67.5	-4.48
BOC	1.1e-09	2.1	46.9	-4.47
MIR1244-3	3.3e-14	22.2	1.0	4.47
DHPS	3.5e-08	5.1	112.9	-4.47
EGLN1	7.1e-08	1.9	41.3	-4.47
SPINT1-AS1	4.4e-08	22.2	1.0	4.47
SNHG32	9.1e-08	30.7	682.5	-4.47
MMP9	2.7e-13	21.9	1.0	4.46
RMI2	q<=1.7e-19	91.5	4.2	4.46
FOXA1	8.7e-15	21.8	1.0	4.45
HMGA1	8.0e-11	467.4	21.4	4.45
PKDCC	9.8e-06	5.0	109.6	-4.45
SNORA61	8.8e-07	1.0	21.8	-4.45
KIF18B	q<=1.7e-19	21.9	1.0	4.45
SPC24	q<=1.7e-19	33.7	1.6	4.44
LINC00511	q<=1.7e-19	31.0	1.4	4.44
TSPAN1	4.4e-07	127.1	5.9	4.43
CDH13	2.0e-07	1.3	28.6	-4.43
ABCG2	3.1e-06	1.0	21.6	-4.43
SMARCE1	2.2e-08	3.0	64.1	-4.42
PDE1A	5.7e-06	1.0	21.4	-4.42
ADCY5	3.8e-07	1.0	21.4	-4.42
MIR200CHG	1.5e-11	21.4	1.0	4.42
TMPRSS13	7.0e-10	21.4	1.0	4.42
LRRC17	6.7e-04	1.0	21.5	-4.42
CDC42EP2	7.9e-05	1.0	21.4	-4.42
POLR2F	6.3e-11	59.7	2.8	4.42
SARS2	1.5e-08	1.0	21.2	-4.41
TMEM47	1.7e-08	2.9	61.5	-4.41
ABCA6	1.8e-05	1.0	21.1	-4.40
ULBP2	q<=1.7e-19	21.1	1.0	4.40
PCOLCE2	6.9e-04	1.7	36.0	-4.40
LDB2	3.5e-08	4.3	91.5	-4.40
CDK5RAP3	3.0e-06	7.3	153.7	-4.40
ARHGAP6	8.5e-09	1.0	20.9	-4.39
ARNTL2	q<=1.7e-19	21.0	1.0	4.39
PSAT1	q<=1.7e-19	50.1	2.4	4.38
LIFR	2.1e-06	1.9	40.3	-4.38
FBLN5	4.0e-07	11.6	241.5	-4.38
SLC47A1	2.1e-06	1.7	35.6	-4.37
PAK6	1.9e-11	23.1	1.1	4.37
KCNJ8	3.5e-08	1.3	27.2	-4.37
C1orf210	2.3e-12	20.7	1.0	4.37
HOXA13	7.6e-06	2.5	52.4	-4.37
FAM220A	2.7e-09	1.0	20.6	-4.37
HCAR2	1.3e-07	20.5	1.0	4.36
TMEM100	2.9e-05	1.0	20.5	-4.36
TSSK3	5.7e-06	1.0	20.4	-4.35
LRP11	3.4e-08	1.3	25.7	-4.35
TSPYL5	8.5e-08	1.0	20.4	-4.35
MND1	q<=1.7e-19	20.4	1.0	4.35
AKAP12	2.6e-08	2.2	45.5	-4.34
ZNF135	4.8e-09	1.0	20.3	-4.34
YPEL4	1.5e-04	1.0	20.1	-4.33
LINC00339	7.6e-06	1.2	23.9	-4.33
HSPA12B	4.3e-09	1.8	36.4	-4.33
CDRT4	3.5e-05	1.0	20.2	-4.33
HOXA11-AS	9.6e-06	1.1	22.8	-4.33
GASK1A	2.2e-06	1.0	20.1	-4.33
PMAIP1	q<=1.7e-19	35.9	1.8	4.32
TJP2	1.4e-05	1.0	20.0	-4.32
CRISPLD2	5.1e-05	8.7	174.3	-4.32
PWWP3B	7.1e-05	1.0	20.0	-4.32
KRTCAP3	q<=1.7e-19	115.6	5.8	4.32
CGN	9.7e-12	19.9	1.0	4.32
PROM2	1.6e-11	143.2	7.2	4.31
E2F1	q<=1.7e-19	47.2	2.4	4.31
SERP2	5.4e-10	1.2	24.8	-4.31
ATP1A2	1.1e-06	1.0	19.8	-4.30
CAVIN3	1.3e-06	7.9	154.8	-4.30
STARD9	9.2e-07	1.0	19.7	-4.30
OVOL2	5.4e-17	19.8	1.0	4.30
MMP1	2.1e-05	19.7	1.0	4.30
RBPMS2	5.4e-06	2.0	40.2	-4.30
DHCR24	3.4e-12	277.7	14.1	4.30
JAM3	9.1e-11	3.6	70.3	-4.29
MARVELD3	q<=1.7e-19	19.5	1.0	4.29
PDZD4	3.2e-07	1.0	20.1	-4.29
WASF3	2.7e-08	1.0	20.2	-4.29
APBB1	1.8e-10	6.9	134.3	-4.29
CPEB1	6.5e-07	1.0	19.4	-4.28
ABCA8	2.5e-06	1.0	19.4	-4.28
FAM110B	3.3e-08	1.0	19.4	-4.28
SLIT2	1.5e-06	1.0	19.4	-4.28
HMMR	q<=1.7e-19	19.4	1.0	4.28
PDGFRB	6.0e-08	18.7	362.2	-4.28
GFRA1	1.7e-05	1.0	19.3	-4.27
PTN	3.7e-05	9.4	181.1	-4.27
LY6K	q<=1.7e-19	19.3	1.0	4.27
EEF1AKMT4	q<=1.7e-19	19.2	1.0	4.26
CXCL9	6.7e-14	31.3	1.6	4.26
GALNT14	q<=1.7e-19	23.4	1.2	4.26
TNS1	2.9e-07	11.0	210.2	-4.26
ASPA	1.3e-04	1.0	19.0	-4.25
MYL9	1.6e-04	63.6	1209.2	-4.25
TMEM200B	9.9e-09	4.1	77.1	-4.25
CDC42BPG	7.3e-09	26.6	1.4	4.25
OLFML1	2.2e-07	2.5	47.8	-4.24
FOSL1	7.3e-15	35.2	1.9	4.24
WT1-AS	2.3e-07	1.0	18.9	-4.24
PRDM8	4.0e-07	1.1	21.0	-4.24
PCSK9	q<=1.7e-19	18.8	1.0	4.24
ITIH5	7.1e-06	1.8	34.4	-4.24
MYO15B	2.9e-06	7.1	133.1	-4.23
OSR2	7.1e-07	17.0	318.7	-4.23
CLMP	9.8e-10	2.7	50.1	-4.23
SFRP1	3.1e-07	12.7	237.6	-4.23
LINC00893	2.0e-06	1.0	18.7	-4.23
BUB1B	q<=1.7e-19	18.7	1.0	4.23
PNPLA7	4.6e-04	1.6	30.5	-4.23
MIR1244-2	9.1e-09	138.3	7.4	4.22
ORC1	q<=1.7e-19	18.6	1.0	4.22
NUDT3	1.5e-08	1.0	18.7	-4.22
BNC2	5.1e-06	1.0	18.6	-4.22
TJP3	1.8e-10	18.6	1.0	4.21
MPDZ	1.6e-08	1.6	30.2	-4.21
B3GNT3	q<=1.7e-19	18.5	1.0	4.21
SERPINF1	1.6e-07	63.9	1183.1	-4.21
WBP1	1.6e-06	10.6	196.5	-4.21
RAD50	5.7e-09	1.0	18.4	-4.20
DIPK2B	4.2e-08	2.6	48.6	-4.20
JPH2	3.6e-05	1.0	18.4	-4.20
KRT19	q<=1.7e-19	3134.1	170.7	4.20
TSPAN7	4.1e-07	4.8	88.4	-4.19
KIF23	q<=1.7e-19	33.2	1.8	4.19
PRRG4	q<=1.7e-19	38.3	2.1	4.19
C18orf32	3.4e-09	1.0	18.2	-4.19
FGF2	9.2e-09	1.0	18.1	-4.18
PTOV1-AS1	2.6e-07	1.0	18.1	-4.18
RIBC2	q<=1.7e-19	18.1	1.0	4.18
LINC01237	1.9e-05	1.2	21.8	-4.18
MAD2L1	q<=1.7e-19	18.6	1.0	4.17
CORO2B	1.9e-08	1.0	18.0	-4.17
CST6	2.2e-12	22.2	1.2	4.17
RBM47	2.1e-11	35.5	2.0	4.17
ZNF521	1.1e-06	1.0	18.1	-4.17
COL6A1	3.5e-08	91.4	1639.0	-4.17
RABAC1	1.7e-08	25.0	446.0	-4.16
SNORD22	1.1e-06	1.0	17.8	-4.16
PIMREG	q<=1.7e-19	17.9	1.0	4.16
HOXA11	2.8e-05	3.3	58.0	-4.15
LDB3	4.9e-06	1.0	17.8	-4.15
GDF7	2.3e-05	1.0	17.7	-4.15
NUP210	q<=1.7e-19	47.9	2.7	4.15
ECT2	q<=1.7e-19	59.6	3.4	4.15
LRRC32	3.0e-07	6.5	114.5	-4.15
EMC6	2.8e-08	2.2	38.3	-4.15
GZMB	q<=1.7e-19	28.9	1.6	4.15
RERG	2.3e-04	3.6	63.9	-4.15
NXNL2	3.8e-05	1.0	18.3	-4.14
SVEP1	3.1e-06	1.1	18.9	-4.14
CPLX1	4.3e-05	2.0	34.8	-4.13
SNORA4	3.9e-07	1.0	17.6	-4.13
SNORA63	1.7e-07	1.0	17.5	-4.13
PLK1	q<=1.7e-19	59.3	3.4	4.13
MAP3K12	1.8e-07	3.0	52.9	-4.13
MEIS3	1.3e-05	3.4	59.5	-4.13
EMILIN1	2.1e-06	11.1	195.3	-4.13
NLRP2	q<=1.7e-19	17.5	1.0	4.13
ITIH4	9.7e-07	1.0	17.5	-4.13
SCARF2	4.0e-08	2.5	42.9	-4.12
TM9SF1	1.2e-07	3.8	66.2	-4.12
COL27A1	3.7e-05	11.5	198.2	-4.11
NECTIN1	q<=1.7e-19	217.4	12.6	4.11
ARMCX1	1.7e-09	3.9	67.8	-4.11
GABBR1	8.5e-08	9.5	163.3	-4.10
RCAN2	9.6e-06	1.7	28.5	-4.10
CNPY2	4.4e-08	4.7	81.4	-4.10
TBX2-AS1	1.8e-07	1.0	17.1	-4.09
OLFML3	1.3e-07	14.4	245.5	-4.09
TMEM119	4.3e-04	3.4	57.5	-4.09
CCNE1	q<=1.7e-19	22.5	1.3	4.09
LINC-PINT	4.3e-04	1.9	32.5	-4.09
MSRB3	1.4e-04	3.6	62.2	-4.09
UBE2T	q<=1.7e-19	97.3	5.7	4.09
ANK2	3.4e-06	1.0	16.9	-4.08
LYVE1	2.3e-05	1.0	16.9	-4.08
C1QTNF7	4.8e-07	1.0	16.9	-4.08
MMP12	4.3e-18	16.9	1.0	4.08
SPON1	2.3e-05	1.9	32.6	-4.07
SLC26A10	7.7e-06	1.0	16.7	-4.07
PRICKLE2	1.6e-07	1.2	20.7	-4.07
NAP1L3	5.9e-08	1.0	16.7	-4.07
FBXL22	7.5e-05	1.0	16.8	-4.07
RASGRP2	8.6e-09	2.9	48.3	-4.07
ADAMTS9-AS2	5.6e-06	1.0	16.7	-4.06
POF1B	1.2e-05	16.7	1.0	4.06
ADAMTS1	1.7e-04	7.1	119.5	-4.06
NDUFB8	6.0e-09	11.3	186.9	-4.05
MAP7	q<=1.7e-19	28.6	1.7	4.05
MGP	4.1e-05	53.3	876.2	-4.04
FOXF1	1.8e-05	1.4	22.9	-4.04
VAMP8	q<=1.7e-19	523.1	31.7	4.04
HR	q<=1.7e-19	29.0	1.8	4.04
PRR16	1.9e-06	1.4	22.4	-4.04
BGLAP	2.0e-04	1.2	20.4	-4.04
LTB	1.1e-13	26.3	1.6	4.04
AXIN2	3.2e-06	1.6	26.0	-4.04
CYP2S1	q<=1.7e-19	17.3	1.1	4.03
CRIP1	2.0e-04	5.6	90.7	-4.03
PHF21B	4.9e-05	1.0	16.4	-4.03
MIR3916	q<=1.7e-19	16.3	1.0	4.03
CLDN5	4.6e-07	5.6	92.5	-4.03
MYOCD	9.6e-05	1.0	16.3	-4.03
EGFL7	8.0e-09	14.5	237.0	-4.03
SNORD99	q<=1.7e-19	16.3	1.0	4.03
CACNA1G	2.6e-05	1.0	16.3	-4.03
GADD45G	8.9e-05	10.4	169.3	-4.03
RBPMS	2.2e-08	22.5	365.5	-4.02
POU6F1	2.1e-08	2.0	31.9	-4.02
PTGER2	3.1e-06	1.4	23.0	-4.02
TTC9	4.4e-07	16.2	1.0	4.02
PEG3	5.2e-06	1.0	16.2	-4.02
PCBP1	2.7e-07	7.4	119.7	-4.02
STRADA	4.2e-08	3.4	55.0	-4.02
TIMP3	4.8e-07	42.2	681.0	-4.01
MAPK10	6.8e-10	1.1	17.0	-4.01
MAP6	1.5e-09	1.0	16.1	-4.01
TRPC1	4.6e-09	1.2	19.1	-4.01
SLC25A27	3.6e-05	3.4	54.5	-4.01
RTL5	6.3e-08	1.3	21.0	-4.01
FUT2	6.1e-10	19.3	1.2	4.00
MAP1B	7.4e-07	1.7	26.4	-4.00
CKMT1A	q<=1.7e-19	15.9	1.0	4.00
LINC01133	q<=1.7e-19	41.2	2.6	4.00
PLIN4	2.2e-05	1.0	16.0	-4.00
SOCS2	5.4e-08	9.0	145.0	-4.00
RECK	3.2e-09	2.3	36.1	-4.00
HSPB2	2.2e-05	1.0	16.0	-4.00
ZNF23	2.9e-07	1.0	16.0	-4.00
LRFN5	5.0e-06	1.0	16.0	-4.00
FOXL2	1.3e-06	1.6	25.8	-4.00
SKA3	q<=1.7e-19	15.9	1.0	3.99
ASPM	q<=1.7e-19	15.9	1.0	3.99
RPP21	3.0e-08	5.1	81.7	-3.99
PMP22	5.7e-10	26.5	421.8	-3.99
GALNT6	4.0e-07	15.8	1.0	3.98
CD302	2.1e-07	1.0	15.7	-3.98
CDKN2B	3.6e-14	51.7	3.3	3.98
CPT1B	8.4e-06	1.0	15.8	-3.98
RUNX1T1	2.9e-07	1.0	15.7	-3.98
DIRAS1	2.6e-05	1.0	15.8	-3.98
COL5A3	3.2e-06	5.4	85.6	-3.98
THEM5	q<=1.7e-19	15.8	1.0	3.98
SKA1	q<=1.7e-19	15.6	1.0	3.97
CKMT1B	1.5e-15	15.7	1.0	3.97
ANO9	q<=1.7e-19	28.0	1.8	3.97
KRT18	q<=1.7e-19	521.0	33.3	3.97
ZNF493	1.4e-06	1.1	17.0	-3.97
SLC7A5	5.1e-16	89.4	5.7	3.96
STIL	q<=1.7e-19	15.5	1.0	3.96
EXO1	q<=1.7e-19	15.5	1.0	3.96
SMAD9	3.5e-08	1.0	16.1	-3.96
IL32	q<=1.7e-19	263.9	17.0	3.96
TDRP	2.6e-05	1.8	27.6	-3.96
SYT8	3.9e-13	15.5	1.0	3.96
EDNRA	2.9e-06	5.4	84.3	-3.96
CRYAB	9.4e-08	38.8	602.0	-3.96
DIXDC1	3.8e-08	2.7	41.4	-3.96
RAB9B	5.4e-06	1.0	15.6	-3.96
FMOD	2.4e-08	15.5	239.7	-3.96
PRUNE2	1.4e-04	1.0	15.5	-3.95
CXCL11	1.7e-10	15.4	1.0	3.95
HLF	9.4e-08	1.6	24.8	-3.95
MCM4	q<=1.7e-19	147.6	9.5	3.95
TREM2	1.8e-15	18.2	1.2	3.94
MATN2	2.0e-06	18.4	282.3	-3.94
NPFF	7.5e-05	1.0	15.4	-3.94
PDE1B	1.6e-06	1.0	15.4	-3.94
NOVA1	2.6e-07	1.0	15.3	-3.94
RASAL1	1.4e-06	15.2	1.0	3.93
TBX2	4.6e-08	2.8	42.8	-3.93
ARHGAP11A	q<=1.7e-19	17.2	1.1	3.93
STBD1	1.4e-07	1.3	20.2	-3.93
CKMT2	4.5e-06	1.0	15.3	-3.93
RAB24	2.3e-07	4.1	61.8	-3.93
NR2F2	2.3e-08	18.0	273.9	-3.92
DEPDC1B	q<=1.7e-19	15.2	1.0	3.92
KANK2	1.3e-08	23.8	359.5	-3.92
AKT3	6.1e-09	4.7	70.5	-3.91
LONRF2	1.7e-04	1.0	15.1	-3.91
SPTBN2	1.1e-05	20.1	1.3	3.90
NCAPG	q<=1.7e-19	14.9	1.0	3.90
DAPP1	2.7e-04	16.1	1.1	3.90
ENPP1	1.6e-05	1.0	14.9	-3.90
FGFR1	3.7e-09	8.5	127.0	-3.90
VIPR2	4.5e-07	1.0	15.0	-3.90
GAS7	5.8e-07	2.8	41.8	-3.89
BEST1	1.1e-07	1.0	14.9	-3.89
RAB5IF	8.4e-05	3.2	46.9	-3.89
FAXDC2	8.4e-07	4.5	66.0	-3.89
TP73	q<=1.7e-19	14.8	1.0	3.89
TMEM125	4.1e-06	14.9	1.0	3.89
TAF10	1.1e-08	1.0	14.8	-3.89
TMEM238	q<=1.7e-19	23.3	1.6	3.89
RIPOR2	3.8e-07	2.0	29.6	-3.88
ADAMTS5	4.9e-05	1.0	14.7	-3.88
MYZAP	4.6e-05	1.0	14.7	-3.88
JPH4	5.3e-04	1.0	14.7	-3.88
MARVELD2	q<=1.7e-19	14.6	1.0	3.87
TRPV4	q<=1.7e-19	17.9	1.2	3.87
ANKRD22	1.5e-11	14.6	1.0	3.87
ESPL1	9.6e-04	14.7	1.0	3.87
FANCA	q<=1.7e-19	15.8	1.1	3.87
ELN	2.8e-05	10.8	158.2	-3.87
ATP8B2	2.0e-08	5.5	79.6	-3.86
TACC3	q<=1.7e-19	94.8	6.5	3.86
SYNE1	5.6e-08	1.2	17.2	-3.86
ADSL	2.2e-08	2.1	30.3	-3.86
MINDY4	3.5e-07	1.0	14.5	-3.86
HSPA14	8.9e-17	30.4	2.1	3.86
TIMP4	9.9e-05	1.0	14.4	-3.85
CAPNS2	2.7e-06	14.5	1.0	3.85
CYS1	7.8e-07	1.6	22.7	-3.85
CCBE1	8.1e-05	1.0	14.5	-3.85
AQP1	6.0e-07	24.0	346.6	-3.85
KLHL35	q<=1.7e-19	15.6	1.1	3.85
PRKG1	3.9e-07	1.0	14.5	-3.85
ZNF471	1.5e-06	1.0	14.3	-3.84
RGN	5.5e-05	1.0	14.4	-3.84
TIMP2	6.7e-08	66.8	947.4	-3.83
ADAMTSL4	4.5e-06	4.9	70.0	-3.83
PRR15L	3.0e-15	14.2	1.0	3.83
TRIP13	q<=1.7e-19	39.4	2.8	3.83
CADM3	4.8e-05	1.0	14.2	-3.83
WWC1	1.5e-14	14.2	1.0	3.82
SNORD87	6.4e-06	1.0	14.2	-3.82
AUNIP	q<=1.7e-19	14.1	1.0	3.82
NETO2	q<=1.7e-19	14.1	1.0	3.82
PAGR1	2.3e-05	5.2	73.0	-3.81
EMCN	6.6e-05	1.6	22.5	-3.81
ZBTB16	2.9e-05	1.0	14.0	-3.81
RAB3IL1	1.9e-08	6.1	85.2	-3.81
GNB3	2.1e-05	1.0	14.0	-3.81
CXCL13	5.9e-07	14.0	1.0	3.81
FLT4	2.2e-07	1.8	25.3	-3.81
MIR4315-2	q<=1.7e-19	14.1	1.0	3.81
PLS1	q<=1.7e-19	14.0	1.0	3.81
COL6A2	1.7e-07	134.5	1882.4	-3.81
PPP1R12B	7.6e-06	5.9	82.5	-3.81
TMEM265	4.2e-06	1.0	14.0	-3.81
ZEB2	3.8e-08	2.9	40.8	-3.80
SYNGR3	q<=1.7e-19	13.9	1.0	3.80
MST1R	3.1e-18	21.7	1.6	3.80
TACR1	1.3e-06	1.0	13.9	-3.80
PHLDB1	9.2e-08	9.0	124.1	-3.79
IL17D	3.6e-06	1.0	13.9	-3.79
RBMS3	3.2e-07	1.5	21.2	-3.79
NCAPH	q<=1.7e-19	13.9	1.0	3.79
LPAR3	2.6e-09	13.9	1.0	3.79
SEC16B	8.4e-07	1.0	13.9	-3.79
CYP1B1	3.2e-06	2.9	40.7	-3.79
RALY-AS1	q<=1.7e-19	13.8	1.0	3.79
DEFB124	1.3e-04	1.0	13.8	-3.79
SH3BGR	1.1e-05	1.0	13.8	-3.79
ABCC9	1.5e-07	1.0	13.7	-3.78
ZNF564	4.8e-08	1.0	13.7	-3.78
ZNF662	4.5e-07	1.0	13.8	-3.78
LAMA4	7.6e-07	6.8	93.8	-3.78
TSPYL2	6.1e-08	21.7	296.9	-3.77
CDC25C	q<=1.7e-19	13.7	1.0	3.77
PRRG2	3.6e-14	21.0	1.5	3.77
DACT1	7.3e-05	1.2	16.0	-3.77
SH3RF2	1.6e-04	30.2	2.2	3.76
PLPP7	1.9e-08	1.0	13.6	-3.76
SSC5D	8.6e-05	2.8	37.8	-3.76
TINCR	3.5e-06	13.6	1.0	3.76
NAALADL1	1.7e-09	1.4	19.1	-3.76
SDC2	2.6e-09	11.1	150.3	-3.76
MYCL	6.1e-09	13.5	1.0	3.75
ARHGAP27P1-BPTFP1-KPNA2P3	q<=1.7e-19	13.4	1.0	3.75
SAPCD2	q<=1.7e-19	13.5	1.0	3.75
ZNF853	6.4e-09	1.5	20.8	-3.75
HEPH	4.5e-07	1.8	23.8	-3.75
SMPDL3B	q<=1.7e-19	13.5	1.0	3.75
MXRA8	5.1e-08	25.4	342.5	-3.75
CASQ2	1.6e-04	1.0	13.4	-3.75
ZC4H2	4.9e-10	1.0	13.4	-3.75
ZNF367	q<=1.7e-19	16.1	1.2	3.74
IFFO1	2.9e-08	4.2	56.6	-3.74
SMARCD3	3.2e-08	6.9	91.7	-3.74
E2F2	q<=1.7e-19	13.3	1.0	3.74
AMPH	7.1e-08	1.0	13.3	-3.73
AMN	2.6e-08	13.2	1.0	3.73
NOSTRIN	1.7e-06	2.5	33.9	-3.73
ZFP28	4.6e-09	1.0	13.3	-3.73
FOXN1	4.6e-09	13.2	1.0	3.72
SHC2	2.6e-05	6.3	82.7	-3.72
RAB27B	2.8e-10	13.1	1.0	3.71
KRT23	8.2e-05	13.1	1.0	3.71
TSPAN18	1.1e-04	1.8	23.9	-3.71
OGFOD2	1.6e-07	1.0	13.1	-3.71
TCEAL5	1.9e-06	1.0	13.1	-3.71
ASIC3	2.5e-04	1.4	18.1	-3.71
NXPH3	1.3e-06	1.0	13.0	-3.71
DCLK1	7.2e-06	1.0	13.0	-3.71
HIC1	9.4e-08	2.1	27.3	-3.71
FRZB	7.8e-06	3.5	45.6	-3.71
TLCD1	q<=1.7e-19	22.0	1.7	3.70
LAMC3	1.2e-05	3.2	41.9	-3.70
RNF150	2.3e-08	1.0	13.0	-3.70
USHBP1	7.1e-08	1.0	13.0	-3.70
TMEM255B	4.3e-06	1.2	16.2	-3.70
MAGI2-AS3	9.0e-07	1.4	17.6	-3.70
HMGB3	q<=1.7e-19	71.1	5.5	3.69
NACAD	1.5e-08	1.0	12.9	-3.69
RAD54L	q<=1.7e-19	12.9	1.0	3.69
PRRX1	6.1e-10	12.4	160.1	-3.69
PARM1	1.7e-07	5.2	67.1	-3.69
RBFADN	1.0e-04	1.1	14.0	-3.69
AMY2B	1.5e-05	3.9	50.0	-3.69
POC1A	q<=1.7e-19	25.6	2.0	3.68
AP1G2-AS1	1.9e-06	1.0	12.8	-3.68
MAOB	1.2e-04	4.5	58.0	-3.68
GUCY1A2	7.3e-08	1.0	12.8	-3.68
ZNF415	8.0e-08	1.0	12.8	-3.68
MICU3	6.5e-07	1.0	12.8	-3.67
LOC102723566	1.9e-06	1.6	20.6	-3.67
SLC43A1	7.7e-08	2.5	31.7	-3.67
LINC01088	1.4e-04	1.0	12.7	-3.67
CD34	6.4e-08	8.1	103.4	-3.67
RNASEH2A	4.0e-08	1.4	18.4	-3.67
RHOJ	1.8e-06	1.9	24.8	-3.67
E2F8	q<=1.7e-19	12.7	1.0	3.66
C3orf52	q<=1.7e-19	17.3	1.4	3.66
ADGRF4	2.8e-05	12.6	1.0	3.66
SNCA	1.3e-04	1.0	12.7	-3.66
TMPRSS2	3.2e-12	12.7	1.0	3.66
MIR429	q<=1.7e-19	12.6	1.0	3.66
PAOX	9.8e-09	1.0	12.5	-3.65
ACSS3	6.6e-07	1.0	12.6	-3.65
NGF	2.6e-07	1.0	12.5	-3.65
S1PR3	5.0e-05	3.8	47.7	-3.65
TRIM34	5.7e-08	1.0	12.6	-3.65
PRCD	1.8e-06	1.0	12.6	-3.65
EFCAB1	3.3e-05	1.0	12.6	-3.65
FGFR3	5.7e-07	66.3	5.3	3.64
LOC283335	2.0e-06	2.2	26.9	-3.64
MED17	2.3e-08	1.7	20.9	-3.64
IRX5	q<=1.7e-19	12.5	1.0	3.64
JPT1	q<=1.7e-19	271.2	21.7	3.64
GPM6B	2.7e-06	3.4	42.0	-3.64
SLC2A4	1.4e-05	1.0	12.4	-3.64
PSMA6	8.0e-08	10.4	129.1	-3.64
NPDC1	4.2e-08	29.6	369.0	-3.64
KANK3	5.8e-10	1.4	17.3	-3.64
KPNA2	q<=1.7e-19	210.1	16.9	3.63
TMEM30B	q<=1.7e-19	40.3	3.3	3.63
LARGE2	3.3e-10	22.5	1.8	3.63
PDCD6	3.1e-08	13.1	162.3	-3.63
ARHGEF15	3.6e-08	1.7	21.5	-3.63
COX7A1	7.6e-08	13.8	170.6	-3.63
ABHD17C	6.9e-14	74.1	6.0	3.62
QPRT	9.0e-06	7.1	87.6	-3.62
FAM171B	8.5e-09	1.0	12.3	-3.62
SLC45A1	2.8e-09	1.0	12.2	-3.61
CLEC1A	2.3e-05	1.2	14.3	-3.61
SPOCK1	2.1e-04	3.1	38.2	-3.61
MYL3	1.3e-07	1.0	12.2	-3.61
ADORA2B	1.2e-17	16.9	1.4	3.61
PLK4	q<=1.7e-19	14.7	1.2	3.60
RARRES2	2.0e-08	88.0	1066.9	-3.60
WDR62	q<=1.7e-19	13.3	1.1	3.60
SOX2	1.8e-17	37.2	3.1	3.60
IL4I1	q<=1.7e-19	12.1	1.0	3.60
PCOLCE	5.0e-07	29.9	359.7	-3.59
AVPR1A	1.6e-06	1.0	12.1	-3.59
GFPT2	4.9e-07	4.2	51.1	-3.59
NT5E	2.3e-06	7.6	91.8	-3.59
SLC22A17	3.1e-09	8.7	104.0	-3.58
PAQR4	q<=1.7e-19	16.0	1.3	3.58
DLG4	1.8e-08	2.5	30.5	-3.58
IL33	1.9e-05	5.1	61.3	-3.58
SHE	8.2e-07	1.0	11.9	-3.58
LIN7A	5.0e-07	1.0	11.9	-3.58
LRCH4	6.4e-08	6.8	81.3	-3.58
VPS37D	2.6e-07	1.1	12.9	-3.58
CHMP4C	6.2e-09	25.8	2.2	3.58
FEN1	q<=1.7e-19	105.3	8.8	3.58
DIABLO	1.6e-08	1.3	15.2	-3.58
LINC01238	7.0e-05	1.0	11.9	-3.58
MIR3685	1.0e-13	11.9	1.0	3.58
SELENOM	8.8e-09	80.9	963.0	-3.57
IRF9	3.8e-07	8.8	104.3	-3.57
DUSP15	2.0e-06	1.0	11.8	-3.57
C7orf25	2.1e-08	1.0	11.8	-3.56
ISLR	2.5e-07	40.3	477.0	-3.56
DEPDC1	q<=1.7e-19	11.8	1.0	3.56
MMP2	4.3e-04	69.0	816.1	-3.56
RWDD3	3.6e-07	3.3	38.9	-3.55
RACGAP1	q<=1.7e-19	60.2	5.1	3.55
NRN1	1.1e-05	3.1	36.1	-3.55
EFEMP2	1.5e-09	19.4	228.0	-3.55
FHL5	1.5e-04	1.0	11.7	-3.55
KCNAB1	1.2e-04	1.0	11.7	-3.55
VIM	7.1e-10	167.6	1964.4	-3.55
COL6A3	5.3e-06	34.9	408.6	-3.55
GNG11	6.9e-06	5.2	60.6	-3.55
TPCN2	2.2e-07	2.9	34.2	-3.54
EDARADD	q<=1.7e-19	11.6	1.0	3.54
SGCE	1.7e-08	7.3	85.1	-3.54
FAM228B	2.1e-06	3.6	41.4	-3.54
GGH	q<=1.7e-19	111.6	9.7	3.53
CDCA2	q<=1.7e-19	11.6	1.0	3.53
EFNB3	4.0e-05	1.0	11.5	-3.53
SCD	4.9e-10	174.9	15.2	3.53
PRKD1	3.3e-07	1.0	11.6	-3.53
PHC1	2.7e-07	2.2	24.9	-3.53
SPP1	5.5e-18	86.1	7.4	3.53
LRRK2	9.5e-09	1.0	11.6	-3.53
SELP	1.0e-04	1.2	13.5	-3.52
ALDH1A1	2.3e-04	21.6	246.5	-3.52
SOBP	8.9e-09	1.0	11.5	-3.52
GLT8D2	3.7e-08	4.1	47.4	-3.52
MTFR2	q<=1.7e-19	11.4	1.0	3.52
