Gene	FDRAdjustedP-value	CancerSampleMed	NormalSampleMed	|log2FC|
APOC3	3.1e-05	7.6	19790.9	-11.34
ADH4	1.1e-04	1.0	2270.3	-11.15
CYP2A6	2.1e-04	1.0	2007.8	-10.97
APOA1	2.3e-05	11.5	19009.4	-10.69
HP	1.3e-05	15.7	25136.6	-10.64
AHSG	4.2e-07	4.0	6202.6	-10.61
SERPINC1	4.7e-14	2.6	3442.1	-10.36
CYP3A4	6.3e-04	1.0	1234.6	-10.26
PLG	8.0e-12	1.9	1794.4	-9.87
TF	2.1e-07	1.1	974.0	-9.81
AGXT	2.2e-10	1.7	1457.7	-9.70
ARG1	5.6e-08	1.1	867.3	-9.65
C9	2.3e-04	1.0	802.2	-9.65
CPS1	2.6e-07	1.0	800.0	-9.64
SULT2A1	9.3e-06	1.0	702.7	-9.46
CYP2E1	1.6e-04	10.1	6806.1	-9.40
CFHR2	5.4e-10	1.0	558.7	-9.13
ALDOB	1.4e-05	14.3	7841.5	-9.10
HPX	7.2e-07	14.0	7359.4	-9.04
BHMT	1.5e-05	1.0	520.3	-9.02
APOA2	3.0e-06	49.8	25540.3	-9.00
SLC22A1	4.4e-05	1.7	854.9	-8.95
F9	7.5e-06	1.0	477.3	-8.90
APOA5	4.9e-05	1.0	479.0	-8.90
HSD17B6	2.1e-06	2.2	990.8	-8.81
HPR	4.9e-05	1.0	432.9	-8.76
SLC25A47	7.0e-05	1.0	433.9	-8.76
DPYS	6.6e-06	1.0	428.0	-8.74
HMGCS2	1.7e-11	4.6	1946.6	-8.72
HSD17B13	8.3e-05	1.1	433.0	-8.68
AFM	2.6e-05	1.0	410.4	-8.68
HAO1	2.2e-07	1.0	410.3	-8.68
CYP8B1	1.1e-05	1.0	398.7	-8.64
HRG	2.5e-06	9.9	3897.1	-8.63
UGT2B10	7.4e-04	1.0	373.2	-8.54
GSTA1	3.6e-05	3.5	1290.9	-8.52
APOF	1.1e-04	1.0	339.5	-8.41
PCK1	9.7e-04	2.7	909.8	-8.38
CFHR1	4.9e-07	2.4	783.1	-8.36
ADH1A	6.8e-06	3.7	1198.2	-8.34
SLC38A4	9.1e-08	1.0	322.3	-8.33
SLC10A1	1.0e-06	1.0	316.9	-8.31
SPP2	1.7e-04	1.0	306.9	-8.26
LECT2	8.2e-07	1.0	303.2	-8.24
SLC22A7	5.2e-05	1.0	299.6	-8.23
GLYAT	3.5e-06	1.0	296.8	-8.21
SERPINA11	2.6e-05	1.6	461.0	-8.18
HAO2	2.8e-06	1.0	287.3	-8.17
CDO1	2.8e-07	1.2	347.8	-8.13
F2	1.5e-10	7.3	1984.8	-8.08
SLC2A2	1.0e-06	1.6	425.1	-8.07
KNG1	6.6e-18	4.2	1132.1	-8.06
RDH16	4.2e-06	2.3	593.8	-8.04
CPN2	6.7e-07	1.0	238.7	-7.90
ANGPTL3	2.2e-06	1.5	364.9	-7.89
SERPIND1	3.0e-09	4.4	1023.1	-7.85
CYP4A22	8.3e-06	1.2	248.8	-7.76
HPD	1.1e-06	6.6	1427.0	-7.75
SLC13A5	6.2e-07	1.0	212.8	-7.73
FABP1	1.7e-04	26.9	5469.0	-7.67
AKR1D1	3.8e-05	1.0	200.5	-7.65
OTC	2.0e-05	1.0	188.9	-7.56
ADH1B	5.3e-06	12.6	2151.4	-7.42
HJV	5.8e-12	1.0	167.5	-7.39
ACSM5	1.8e-06	1.1	181.1	-7.37
SLCO1B1	1.5e-05	1.0	159.5	-7.32
EEF1A2	5.6e-05	180.3	1.2	7.28
TTR	1.7e-05	110.2	16880.2	-7.26
MASP2	6.5e-08	1.4	215.3	-7.24
UPB1	1.5e-05	1.0	149.0	-7.22
UGT2B4	3.5e-04	5.2	752.3	-7.19
FETUB	7.7e-07	1.0	145.8	-7.19
KRT23	7.4e-05	142.1	1.0	7.15
GNMT	4.0e-04	1.8	257.9	-7.14
C8A	8.5e-07	3.4	476.8	-7.12
LAMC2	2.1e-07	166.9	1.2	7.07
ITIH5	5.0e-05	240.3	1.8	7.03
ASPDH	1.3e-08	1.6	204.7	-7.01
MTTP	1.7e-07	1.0	129.1	-7.01
APOH	8.9e-10	87.5	11170.3	-7.00
MAT1A	9.4e-07	10.1	1250.9	-6.95
AQP9	2.8e-08	3.1	372.9	-6.93
ITIH3	2.2e-04	10.4	1258.6	-6.92
SPP1	9.4e-05	3148.6	26.6	6.89
USH1C	3.5e-10	134.2	1.2	6.84
DMGDH	1.1e-06	1.2	135.0	-6.80
PRG4	5.5e-04	1.0	109.5	-6.78
GLYATL1	4.0e-06	2.0	220.4	-6.77
SFN	8.2e-08	108.0	1.0	6.75
UROC1	4.2e-04	1.0	103.4	-6.69
SCTR	8.0e-06	143.4	1.4	6.68
HAL	7.7e-04	1.1	113.8	-6.66
RAB25	1.0e-11	317.1	3.1	6.66
SLC27A5	8.6e-07	6.6	666.7	-6.66
RBP4	8.0e-08	130.9	13214.8	-6.66
F13B	4.6e-07	1.0	100.4	-6.65
ITGB4	5.6e-09	138.0	1.4	6.64
SEZ6L2	5.2e-12	99.8	1.0	6.64
AGXT2	2.9e-10	1.0	99.8	-6.64
MISP	2.4e-06	97.8	1.0	6.61
ACSM2A	2.7e-06	2.7	266.9	-6.61
C12orf75	1.5e-07	209.1	2.2	6.59
INHBC	1.1e-05	1.5	143.8	-6.58
PGLYRP2	2.1e-05	4.1	389.2	-6.57
CCL16	1.0e-04	1.0	94.8	-6.57
SLC34A2	1.5e-06	94.1	1.0	6.56
FMO3	8.5e-06	7.7	719.4	-6.54
TDO2	3.0e-05	7.7	717.5	-6.54
GCGR	6.4e-05	1.0	92.1	-6.53
AP1M2	7.5e-10	91.3	1.0	6.51
MMP7	1.3e-04	394.5	4.4	6.49
EPS8L3	2.6e-09	89.8	1.0	6.49
CYP4A11	6.8e-06	9.8	883.7	-6.49
ITIH1	2.0e-07	21.4	1898.6	-6.47
PDZK1IP1	2.7e-04	309.6	3.6	6.45
SPINT1	5.5e-14	342.6	4.0	6.43
BHMT2	1.2e-05	4.3	364.4	-6.41
LINC01093	3.2e-05	1.0	83.4	-6.38
MOGAT2	5.6e-05	1.0	83.0	-6.38
TMEM132A	9.3e-05	80.2	1.0	6.33
LINC01485	7.7e-04	1.8	145.7	-6.32
LINC01018	6.5e-07	1.0	79.6	-6.32
NQO1	1.3e-05	120.6	1.5	6.31
CFHR5	1.5e-04	1.0	78.1	-6.29
EPCAM	4.9e-13	646.4	8.3	6.29
PLPP2	1.6e-11	374.0	4.9	6.26
ACSM2B	2.2e-06	4.1	305.9	-6.24
BCHE	9.8e-06	2.1	155.6	-6.24
ADH1C	1.6e-05	16.1	1215.2	-6.24
ACOT12	1.3e-05	1.0	74.9	-6.23
TESC	5.5e-06	340.1	4.5	6.23
PROZ	2.2e-04	1.0	74.3	-6.22
NAT2	1.0e-05	1.0	72.5	-6.18
DCDC2	1.9e-09	206.4	2.8	6.18
PIPOX	6.9e-07	5.6	403.3	-6.17
B3GNT3	2.3e-09	94.6	1.3	6.15
PMEPA1	5.8e-08	194.5	2.7	6.15
FAM99A	1.9e-04	1.0	70.3	-6.13
PON1	4.9e-06	6.5	457.6	-6.13
CYP2C8	4.8e-08	20.0	1382.2	-6.11
ESRP1	3.8e-12	69.0	1.0	6.11
DMKN	7.2e-07	208.6	3.1	6.09
PRODH2	1.7e-06	2.5	169.9	-6.08
MMP11	1.7e-04	116.0	1.7	6.05
OIT3	5.5e-04	1.0	65.8	-6.04
DIO1	1.1e-04	2.0	130.0	-6.01
BAIAP2L2	1.5e-08	70.7	1.1	6.01
HGFAC	1.1e-07	4.4	279.0	-6.00
KRT19	2.6e-05	725.1	11.4	5.99
FGB	1.2e-04	113.2	7208.2	-5.99
S100A6	3.3e-06	5167.3	81.8	5.98
ABCB4	3.4e-05	1.0	63.3	-5.98
NEURL3	1.7e-06	92.2	1.5	5.97
NR1I2	2.7e-06	1.0	62.4	-5.96
CLDN4	1.0e-07	396.1	6.5	5.93
C8B	1.7e-05	8.2	496.0	-5.93
CLEC4G	7.4e-04	1.0	60.3	-5.91
SERPINA7	4.8e-06	2.9	174.1	-5.89
TMC4	1.3e-12	215.5	3.6	5.89
UBE2C	9.9e-07	57.5	1.0	5.85
CRHBP	5.4e-04	1.0	57.1	-5.84
ORM1	3.7e-04	219.3	12538.6	-5.84
UGT2B7	4.8e-05	17.2	987.0	-5.84
AKR1C4	3.7e-04	4.0	221.9	-5.80
LPA	2.8e-07	1.0	55.7	-5.80
APOC1	3.8e-06	102.1	5537.2	-5.76
CES1	6.4e-04	44.7	2383.4	-5.74
VTCN1	2.3e-05	101.2	1.9	5.74
PFKP	2.0e-09	117.2	2.2	5.73
NR1I3	1.7e-06	2.0	105.9	-5.72
SYT13	3.0e-04	52.3	1.0	5.71
SH2D3A	4.9e-12	73.6	1.4	5.71
LYPD6B	1.7e-05	52.1	1.0	5.70
PKP3	4.5e-07	51.2	1.0	5.68
CYP2C9	2.0e-05	18.1	920.4	-5.67
RHOV	3.6e-07	50.9	1.0	5.67
ASPG	2.8e-07	1.0	50.9	-5.67
CFHR4	2.5e-04	1.0	50.6	-5.66
DBN1	1.5e-11	158.2	3.1	5.66
ACOX2	7.4e-07	3.6	181.4	-5.66
PKM	3.5e-12	1146.0	23.1	5.63
ALB	7.3e-07	2881.2	141059.4	-5.61
MELTF	4.4e-07	55.7	1.1	5.61
EPS8L1	4.0e-09	79.1	1.6	5.61
F12	1.8e-06	12.2	590.6	-5.59
LINC01146	2.7e-05	1.4	67.6	-5.59
AOX1	2.8e-05	9.5	456.0	-5.58
TMEM82	2.0e-06	1.0	47.6	-5.57
CD24	9.4e-09	450.8	9.5	5.57
TTC36	1.2e-04	1.0	47.5	-5.57
PLA2G12B	1.9e-09	1.0	47.2	-5.56
ADH6	9.4e-06	7.7	351.5	-5.51
SLC6A12	6.1e-04	1.0	45.6	-5.51
PRSS22	4.8e-08	67.3	1.5	5.50
CYP4F2	2.5e-05	4.4	199.0	-5.50
FGA	6.0e-05	260.3	11667.7	-5.49
TSPAN15	1.5e-09	250.8	5.6	5.48
SERPINA10	5.7e-11	2.9	129.2	-5.46
ORM2	3.6e-04	66.2	2906.8	-5.46
HPGD	1.0e-04	3.2	138.7	-5.45
ASPHD1	5.6e-08	43.6	1.0	5.45
UGT1A4	6.2e-04	1.0	43.3	-5.43
HKDC1	7.5e-07	69.3	1.6	5.41
AMDHD1	9.9e-05	2.4	103.7	-5.41
POF1B	3.1e-11	41.2	1.0	5.37
KRT80	4.9e-06	65.1	1.6	5.37
DDR1	8.3e-12	298.7	7.3	5.36
CTHRC1	1.0e-05	40.9	1.0	5.36
BICC1	8.8e-10	118.3	2.9	5.35
CCL20	6.3e-04	86.3	2.1	5.34
SLC38A3	6.8e-06	10.6	431.3	-5.34
SLCO1B3	9.6e-04	1.0	40.1	-5.33
HNF4A-AS1	6.7e-05	1.0	39.9	-5.32
BICDL2	5.4e-08	40.0	1.0	5.32
ABCG5	8.2e-08	1.1	44.0	-5.31
ANXA3	8.5e-12	127.5	3.3	5.29
NEU4	5.3e-04	1.0	39.0	-5.29
ALDH1L1	1.8e-04	10.5	409.6	-5.28
C6	8.6e-08	10.5	401.6	-5.26
SGPP2	3.6e-08	38.2	1.0	5.26
ANO9	1.4e-09	43.4	1.1	5.26
LAMB3	6.5e-08	193.4	5.2	5.22
ZG16B	1.8e-04	37.2	1.0	5.22
SPINT2	1.4e-11	168.7	4.6	5.21
PRR15L	4.7e-08	83.2	2.3	5.20
LINC02499	3.1e-04	1.0	36.7	-5.20
UGT1A1	6.6e-04	2.1	77.2	-5.20
ELOVL7	3.8e-07	36.4	1.0	5.19
ALDH8A1	8.7e-08	5.1	183.0	-5.18
GPR35	1.2e-08	36.0	1.0	5.17
ABCG8	2.3e-06	1.0	35.9	-5.17
EHF	1.3e-08	35.9	1.0	5.17
CDH6	2.0e-05	35.5	1.0	5.15
CENPM	4.9e-10	35.1	1.0	5.13
PLEKHB1	5.2e-07	86.5	2.5	5.12
UCA1	8.1e-04	34.8	1.0	5.12
RHPN1	1.1e-09	36.7	1.1	5.12
PTK7	6.8e-08	44.6	1.3	5.11
CYP39A1	1.6e-05	1.7	58.3	-5.09
LPAR2	2.4e-12	64.6	1.9	5.09
CTNND2	9.8e-08	33.2	1.0	5.05
KLK11	1.0e-04	33.2	1.0	5.05
TTC39A	2.6e-05	33.0	1.0	5.05
LOXL4	3.4e-07	65.9	2.0	5.05
UNC13D	1.5e-08	120.8	3.7	5.04
CDR2L	4.6e-11	48.1	1.5	5.04
TMEM125	9.0e-09	33.0	1.0	5.04
GBP7	1.0e-04	1.0	32.7	-5.03
STK39	4.4e-11	32.7	1.0	5.03
NPNT	7.0e-07	60.8	1.9	5.03
ARL14	4.7e-07	32.0	1.0	5.00
WNK2	5.2e-06	47.5	1.5	4.99
ADGRG1	4.9e-11	179.7	5.6	4.99
GAL3ST1	5.5e-07	125.1	4.0	4.98
PLP2	1.1e-11	230.3	7.4	4.97
CA5A	1.6e-04	1.0	31.4	-4.97
CLDN10	8.2e-07	93.1	3.0	4.97
SMIM22	6.7e-05	31.0	1.0	4.95
MDFI	1.3e-05	30.9	1.0	4.95
COMP	1.9e-04	31.0	1.0	4.95
SLC22A9	7.6e-07	1.0	30.7	-4.94
LINC00665	1.8e-07	34.7	1.1	4.92
MTCL1	1.2e-07	30.2	1.0	4.92
AQP1	5.3e-06	939.2	31.5	4.90
LINC02027	9.7e-06	1.0	29.6	-4.88
ASGR1	6.7e-07	35.6	1049.2	-4.88
SLFN13	3.4e-10	29.5	1.0	4.88
NECTIN4	5.6e-04	29.1	1.0	4.87
MAPK13	3.2e-14	47.3	1.6	4.87
CYP4F3	8.4e-07	4.8	141.3	-4.87
UBE2T	1.4e-09	29.0	1.0	4.86
IGSF3	2.4e-11	29.0	1.0	4.86
SERPINF2	3.2e-11	66.1	1914.6	-4.86
ITGA3	1.7e-05	68.6	2.4	4.86
INAVA	3.0e-08	28.9	1.0	4.85
SPECC1	8.0e-09	28.7	1.0	4.84
ABCA6	4.3e-07	1.5	42.7	-4.84
CDC20	3.6e-06	28.4	1.0	4.83
ACSL1	4.7e-06	26.1	741.7	-4.83
LINC01948	3.0e-09	34.8	1.2	4.83
SLC17A2	3.9e-08	1.7	48.7	-4.83
SLC47A1	1.7e-05	3.0	84.4	-4.83
ITPR3	1.8e-10	28.5	1.0	4.83
CCDC74A	5.3e-09	28.2	1.0	4.82
KRT7	1.0e-09	653.8	23.2	4.82
MDK	4.6e-04	246.6	8.8	4.81
ANKRD1	2.5e-04	27.7	1.0	4.79
MYOF	1.5e-09	51.3	1.9	4.79
FBLIM1	5.8e-10	112.3	4.1	4.79
DLG3	7.5e-14	29.5	1.1	4.78
SCRN1	1.5e-09	46.9	1.7	4.76
PAQR5	1.0e-08	27.1	1.0	4.76
GSTP1	2.7e-05	1489.3	54.9	4.76
PTTG1	1.3e-06	35.7	1.3	4.76
C1orf116	6.0e-06	27.0	1.0	4.76
PPP1R1A	7.5e-05	5.3	144.0	-4.76
B4GALNT4	6.3e-06	26.9	1.0	4.75
CXCL1	2.0e-06	103.6	3.9	4.72
SLC38A1	1.9e-10	79.3	3.0	4.72
GABBR1	3.3e-10	39.6	1.5	4.71
CCNB1	6.8e-12	31.7	1.2	4.71
S100A11	3.3e-11	2100.4	80.5	4.71
CSGALNACT1	3.0e-06	52.5	2.0	4.70
BACE2	1.1e-07	52.8	2.0	4.70
SNAP25	2.0e-05	35.8	1.4	4.69
PROM1	1.6e-05	49.6	1.9	4.68
ABAT	2.7e-08	9.9	255.1	-4.68
CDCP1	4.1e-05	25.5	1.0	4.67
TNFRSF19	3.2e-06	26.0	1.0	4.67
APCDD1	7.7e-06	39.0	1.5	4.66
PRSS16	2.9e-10	25.3	1.0	4.66
UGT3A1	1.8e-04	1.0	25.2	-4.65
CHD3	1.4e-11	70.9	2.8	4.65
COL15A1	1.2e-06	24.9	1.0	4.64
CAPG	2.4e-09	178.7	7.2	4.63
SLC6A8	1.0e-07	36.5	1.5	4.62
CLIP2	1.6e-14	49.1	2.0	4.62
KCNQ1	1.7e-06	37.1	1.5	4.62
CFAP221	4.0e-09	24.3	1.0	4.60
ABCB11	1.1e-05	1.0	24.0	-4.59
SLC6A1	5.9e-05	2.8	67.8	-4.58
RAB34	1.0e-08	148.3	6.2	4.58
IL27	3.5e-04	1.0	23.8	-4.57
PFKFB1	8.0e-07	1.0	23.6	-4.56
SLC25A18	3.7e-05	1.9	45.0	-4.56
TEAD2	6.4e-10	67.7	2.9	4.55
TOP2A	7.1e-08	23.4	1.0	4.55
CDT1	1.3e-11	23.4	1.0	4.55
GALNT3	3.7e-06	27.9	1.2	4.54
HID1	2.0e-09	63.8	2.7	4.54
GMNN	1.2e-08	271.5	11.7	4.54
PAFAH1B3	4.5e-11	68.0	2.9	4.53
VEPH1	2.7e-07	23.1	1.0	4.53
COL4A2	5.9e-11	270.6	11.8	4.52
EVA1A	1.7e-06	3.4	78.4	-4.52
NRSN2	2.1e-11	69.8	3.0	4.52
CDK1	5.7e-09	22.8	1.0	4.51
SLC16A3	2.1e-06	51.5	2.3	4.51
PROM2	9.8e-05	22.8	1.0	4.51
SARDH	1.2e-08	5.9	135.3	-4.51
SLC12A2	1.1e-04	75.0	3.3	4.51
HMGA1	4.4e-07	281.3	12.4	4.51
FXYD2	6.1e-04	32.7	1.4	4.51
FTCD	7.8e-08	39.6	889.6	-4.49
ANXA13	1.6e-05	273.1	12.2	4.49
SOX9	2.6e-09	113.9	5.1	4.49
TNNT1	1.1e-04	22.4	1.0	4.48
PTP4A3	4.6e-12	41.6	1.9	4.47
EHHADH	4.0e-06	9.3	206.5	-4.47
C4orf48	7.2e-07	24.0	1.1	4.46
ECT2	2.0e-09	22.0	1.0	4.46
MTMR11	1.8e-05	45.8	2.1	4.46
LOXL2	5.0e-08	23.3	1.1	4.46
AZGP1	2.8e-09	136.4	2997.7	-4.46
TMEM156	1.2e-07	45.6	2.1	4.46
KLKB1	8.2e-08	8.7	189.2	-4.45
LPCAT4	9.9e-12	50.8	2.3	4.45
DNASE1L3	2.6e-04	4.1	89.7	-4.44
MMP14	2.1e-12	289.3	13.4	4.43
BEX2	1.3e-11	32.0	1.5	4.43
PLCD3	2.8e-10	21.5	1.0	4.43
CACNB3	4.7e-08	21.5	1.0	4.42
NFE2L3	4.3e-10	28.7	1.4	4.39
ANG	2.4e-11	28.6	600.6	-4.39
VAV3	1.3e-06	21.0	1.0	4.39
MST1R	1.9e-07	21.0	1.0	4.39
PDGFD	4.2e-07	60.6	2.9	4.39
HOMER3	2.2e-09	29.3	1.4	4.39
BIRC5	3.8e-08	20.9	1.0	4.39
PYCR1	1.6e-05	33.1	1.6	4.39
CCDC9B	6.2e-09	43.6	2.1	4.38
RRM2	4.4e-09	22.3	1.1	4.38
ASF1B	5.2e-09	20.8	1.0	4.38
RMI2	2.3e-10	24.5	1.2	4.37
IQCE	1.9e-15	45.9	2.2	4.37
SLC52A3	7.2e-08	20.5	1.0	4.36
ABCC4	4.8e-09	24.1	1.2	4.36
BCAS4	8.0e-07	30.8	1.5	4.36
ADRA2C	1.0e-05	20.5	1.0	4.36
MYBL2	6.9e-08	20.5	1.0	4.36
TTPA	1.3e-05	3.2	65.9	-4.36
PSORS1C1	1.3e-09	20.5	1.0	4.36
MIR4435-2HG	3.5e-13	21.3	1.0	4.35
CCNB2	7.5e-09	20.4	1.0	4.35
FKBP10	6.2e-10	147.4	7.2	4.35
WFDC2	8.8e-05	72.0	3.5	4.34
ALOX5	1.2e-05	53.6	2.6	4.34
GULP1	5.9e-06	20.2	1.0	4.34
C2	2.2e-11	9.6	194.0	-4.33
TMED3	8.3e-17	170.7	8.5	4.33
RBP5	2.4e-06	13.0	263.1	-4.33
C4BPA	1.4e-07	50.9	1024.3	-4.33
CARD11	1.1e-07	20.8	1.0	4.32
AMBP	3.2e-08	630.2	12566.9	-4.32
ZNF185	7.1e-08	21.3	1.1	4.32
DCXR	5.7e-05	103.0	2062.0	-4.32
WNT7B	5.1e-08	19.8	1.0	4.31
TREM2	7.9e-07	22.2	1.1	4.30
LRRC1	6.7e-14	19.7	1.0	4.30
CRACR2B	2.4e-09	45.7	2.3	4.30
TMEM51	3.1e-10	47.0	2.4	4.30
AURKB	4.3e-07	19.8	1.0	4.30
TPBG	2.8e-09	19.6	1.0	4.29
SEL1L3	1.2e-09	114.5	5.8	4.29
NCEH1	6.1e-08	36.1	1.9	4.29
F7	7.8e-09	7.4	144.1	-4.29
PHLDA3	6.6e-12	82.0	4.2	4.28
ETV4	4.5e-06	35.8	1.8	4.28
ZG16	9.4e-06	1.0	19.2	-4.26
ZDHHC1	1.2e-11	50.7	2.6	4.26
LAMA3	1.3e-05	20.9	1.1	4.26
GRHL2	1.6e-07	19.1	1.0	4.26
HAGHL	4.4e-06	19.0	1.0	4.25
ABCA8	6.3e-07	1.0	19.2	-4.25
GLTPD2	5.8e-06	2.6	49.7	-4.25
CDC42BPG	6.5e-11	19.1	1.0	4.25
FRAS1	1.0e-05	18.9	1.0	4.24
NOTCH3	4.3e-08	44.6	2.4	4.24
TNFAIP6	1.1e-04	18.9	1.0	4.24
ADAP1	8.3e-09	21.1	1.1	4.23
TCTN2	1.2e-10	22.1	1.2	4.22
PDLIM7	2.8e-09	112.5	6.1	4.21
ENTPD2	2.1e-08	20.9	1.1	4.21
MST1	2.7e-07	12.4	227.9	-4.20
HOPX	2.3e-05	28.8	1.6	4.20
CPNE7	2.5e-05	18.4	1.0	4.20
LAD1	1.3e-11	304.5	16.7	4.19
LDAF1	1.1e-09	39.0	2.1	4.19
BSPRY	4.3e-09	18.2	1.0	4.18
S100A14	8.2e-07	359.5	19.9	4.18
SULF1	3.0e-06	39.5	2.2	4.17
UBASH3B	4.7e-07	18.0	1.0	4.17
KIFC1	3.5e-10	18.0	1.0	4.17
CRMP1	6.0e-09	30.4	1.7	4.17
ITGB8	5.4e-08	18.0	1.0	4.17
RASEF	3.0e-10	17.9	1.0	4.16
ACADSB	6.3e-07	11.2	200.5	-4.16
PON3	5.3e-05	22.6	406.1	-4.16
ZDHHC13	3.6e-15	27.3	1.5	4.15
PVT1	4.1e-06	17.7	1.0	4.15
CMTM4	8.1e-12	28.2	1.6	4.15
TLCD3A	2.1e-12	30.8	1.7	4.15
APOE	2.1e-07	472.3	8320.4	-4.14
KCTD17	1.2e-08	44.4	2.5	4.14
LDOC1	4.9e-08	29.7	1.7	4.13
CHAD	9.2e-05	1.0	17.6	-4.13
ELF4	9.0e-13	20.6	1.2	4.13
LOXL1	1.9e-06	18.0	1.0	4.13
PDGFA	5.6e-08	54.0	3.1	4.13
ST14	1.5e-11	184.6	10.6	4.12
APOB	1.5e-05	52.7	918.9	-4.12
KMO	4.0e-06	1.0	17.4	-4.12
MFSD6	1.7e-11	29.6	1.7	4.12
MAPK15	3.2e-07	17.3	1.0	4.11
LEAP2	7.8e-04	16.7	288.8	-4.11
HDAC7	2.0e-14	85.0	5.0	4.10
PROC	1.8e-16	28.1	482.0	-4.10
TFR2	5.5e-12	45.0	771.9	-4.10
E2F1	2.9e-10	17.1	1.0	4.10
SPINT1-AS1	8.2e-11	17.1	1.0	4.10
GHR	5.5e-04	7.3	124.9	-4.10
FLNA	1.3e-10	410.6	24.0	4.09
CDKN2A	4.6e-05	16.9	1.0	4.08
CP	1.4e-04	30.8	521.5	-4.08
CTBP2	7.5e-14	25.2	1.5	4.08
CERCAM	4.8e-09	56.7	3.4	4.08
MASP1	1.9e-08	7.1	120.3	-4.07
ITGA2	4.7e-06	16.8	1.0	4.07
TCF19	1.2e-10	16.6	1.0	4.06
CPN1	8.0e-06	3.7	62.2	-4.06
SLC7A1	1.8e-07	16.7	1.0	4.06
SOX4	8.3e-10	96.7	5.8	4.06
LGALS3	5.7e-07	336.9	20.4	4.05
ILDR1	7.8e-08	16.5	1.0	4.05
DTX3	1.2e-10	55.6	3.3	4.05
PKHD1	1.1e-07	22.2	1.3	4.05
C6orf132	3.0e-11	16.6	1.0	4.05
FBP1	1.4e-05	25.4	416.9	-4.04
SFXN3	4.9e-12	75.2	4.6	4.04
C6orf141	2.3e-04	24.0	1.5	4.03
TMSB10	5.8e-11	8395.6	512.6	4.03
IGF2BP2	2.0e-09	16.3	1.0	4.03
FA2H	5.3e-05	16.2	1.0	4.02
SLC44A3	2.1e-08	97.5	6.0	4.02
LRFN4	2.0e-04	16.2	1.0	4.02
CDKN3	6.3e-08	16.2	1.0	4.02
PPP1R13L	7.5e-08	66.0	4.1	4.02
CTH	6.4e-05	4.3	68.8	-4.01
RHBDF2	3.0e-10	60.6	3.8	4.01
KIAA1522	7.8e-13	127.0	7.9	4.01
FGG	1.4e-04	632.5	10227.8	-4.01
ATF5	2.9e-04	38.3	617.8	-4.01
SLC6A6	1.8e-07	21.8	1.4	4.01
ARMCX2	3.6e-10	30.0	1.9	4.01
NUGGC	5.8e-05	1.0	16.1	-4.01
PLK1	8.8e-06	16.1	1.0	4.01
TPM2	5.6e-04	212.1	13.3	4.00
SOGA1	1.3e-15	16.0	1.0	4.00
ZWINT	6.7e-10	32.3	2.0	4.00
SLC6A13	2.8e-05	1.0	16.0	-4.00
LIF	9.6e-06	33.7	2.1	4.00
CDCA5	1.4e-11	15.9	1.0	3.99
ADAM9	1.4e-11	118.9	7.5	3.99
KLB	8.3e-04	1.0	15.9	-3.99
HSD11B1	3.0e-06	35.4	562.5	-3.99
HNF1B	1.3e-07	197.7	12.4	3.99
TEAD4	6.6e-16	35.7	2.2	3.99
WDR54	3.4e-12	42.5	2.7	3.99
MGAT5	9.0e-09	26.3	1.7	3.98
NRARP	3.2e-07	29.4	1.9	3.98
SLC25A24	1.6e-11	21.8	1.4	3.98
CLEC1B	8.2e-04	1.0	15.8	-3.98
LIMK1	1.0e-10	39.7	2.5	3.98
COL9A2	8.6e-04	15.8	1.0	3.98
GPLD1	5.9e-04	1.1	17.8	-3.97
MCM2	2.9e-11	15.6	1.0	3.97
COL4A1	5.4e-10	232.7	15.0	3.96
MT1E	6.9e-04	117.4	1821.7	-3.96
TM4SF1	3.1e-11	1005.5	64.5	3.96
FOXM1	2.8e-09	15.6	1.0	3.96
CDCA3	1.9e-07	15.6	1.0	3.96
MFSD10	7.5e-12	198.2	12.8	3.96
MYRF	1.7e-09	113.8	7.3	3.95
CDS1	3.9e-09	15.4	1.0	3.94
GRB7	3.8e-14	121.7	7.9	3.94
GABRE	7.1e-08	31.8	2.1	3.94
RAB36	4.0e-10	15.3	1.0	3.94
ABCC1	3.4e-09	27.5	1.8	3.94
SMLR1	2.4e-07	2.2	34.0	-3.94
RERG	1.6e-06	18.6	1.2	3.94
LIPH	4.9e-05	15.2	1.0	3.93
NAGS	5.1e-06	2.1	32.0	-3.93
MGP	1.1e-04	109.7	7.2	3.93
PKMYT1	1.1e-10	15.2	1.0	3.93
JAG2	8.7e-11	16.4	1.1	3.93
KHK	8.7e-07	9.6	145.9	-3.93
RACGAP1	3.0e-11	16.9	1.1	3.92
GRAMD1B	3.0e-06	15.2	1.0	3.92
LIPC	6.4e-05	11.2	169.9	-3.92
ATP1A1	1.2e-08	884.7	58.5	3.92
NMB	7.9e-08	33.7	2.2	3.92
AR	3.0e-09	2.4	36.3	-3.92
CIB2	2.7e-07	15.1	1.0	3.92
TNFRSF21	9.2e-09	96.5	6.4	3.92
ORAI2	2.2e-13	15.1	1.0	3.92
SMOX	1.3e-10	48.1	3.2	3.92
JAG1	2.8e-09	75.4	5.0	3.91
SEMA6A	7.9e-08	48.5	3.2	3.91
PHETA2	9.6e-08	18.6	1.2	3.91
TFAP2A	5.1e-06	15.0	1.0	3.91
DEPDC7	2.4e-04	2.6	39.6	-3.91
CLCF1	3.6e-09	37.4	2.5	3.91
SPHK1	1.1e-05	50.7	3.4	3.90
ADORA2A-AS1	5.9e-04	1.0	14.8	-3.89
TRNP1	1.0e-08	57.7	3.9	3.89
ZNF532	4.6e-09	20.8	1.4	3.89
ARHGEF16	3.3e-09	49.9	3.4	3.89
ABCA3	9.3e-10	14.9	1.0	3.89
MAPK12	4.0e-06	26.8	1.8	3.89
TRAF5	1.8e-05	14.9	1.0	3.89
KLF5	9.8e-05	52.9	3.6	3.89
COL1A1	5.1e-08	617.9	41.7	3.89
HES4	7.7e-12	42.8	2.9	3.88
THY1	7.1e-12	33.0	2.2	3.88
DGAT2	1.3e-04	11.7	171.4	-3.88
FMNL2	5.4e-05	25.5	1.7	3.88
ANXA2	1.4e-12	1797.1	121.9	3.88
SLC44A2	2.6e-12	192.0	13.1	3.88
C4BPB	4.3e-09	28.9	426.4	-3.88
CLDN7	5.5e-10	217.5	14.8	3.88
HSPB8	2.1e-04	53.1	3.6	3.87
STMN3	1.6e-07	23.3	1.6	3.87
RAB11FIP1	3.0e-07	24.7	1.7	3.87
CXCL8	2.8e-05	122.7	8.4	3.87
KRTCAP3	2.0e-10	151.9	10.4	3.87
RHBDF1	7.6e-12	58.3	4.0	3.86
MMP9	9.9e-05	18.2	1.3	3.86
P3H4	3.6e-12	44.6	3.1	3.86
ABCC9	1.5e-06	1.0	14.4	-3.85
LAMA5	4.6e-13	91.7	6.4	3.85
ZNF888	9.4e-08	14.4	1.0	3.85
PTHLH	1.5e-04	14.4	1.0	3.85
CYTOR	5.0e-14	49.9	3.5	3.85
PCK2	5.1e-06	43.1	618.7	-3.84
DDC	3.4e-07	2.6	37.6	-3.84
HTRA3	1.0e-04	40.4	2.8	3.83
ABR	7.6e-14	55.0	3.9	3.83
SIPA1L3	1.3e-13	32.1	2.3	3.83
SPC24	1.2e-07	14.3	1.0	3.83
BDH1	9.6e-07	10.0	142.4	-3.83
OSBPL3	8.7e-08	14.3	1.0	3.83
BICDL1	6.4e-10	20.9	1.5	3.83
FAM3B	2.9e-04	27.6	2.0	3.82
TK1	6.6e-10	69.8	5.0	3.82
TGFB2	6.3e-06	14.1	1.0	3.82
ANGPTL6	1.4e-11	1.0	14.2	-3.82
RARG	8.4e-11	35.4	2.5	3.81
APOBEC3C	4.8e-10	50.9	3.6	3.81
LINC00511	4.2e-08	14.0	1.0	3.81
CES3	2.0e-06	2.5	35.0	-3.81
PACS1	3.6e-15	94.3	6.7	3.81
KCNJ16	7.9e-04	14.3	1.0	3.81
ENPP5	6.4e-10	13.9	1.0	3.80
TMEM54	4.0e-05	103.5	7.4	3.80
PTGES	2.8e-05	13.8	1.0	3.79
CDHR5	9.1e-07	10.6	146.5	-3.79
FERMT1	1.5e-06	13.8	1.0	3.79
MAP2	2.5e-06	15.0	1.1	3.79
LDHD	1.3e-10	11.9	164.1	-3.79
PDE4A	9.6e-12	25.0	1.8	3.79
CNKSR1	1.4e-09	22.8	1.7	3.78
DSG2	1.6e-10	117.1	8.5	3.78
TMC6	8.3e-10	41.9	3.0	3.78
NT5DC2	3.5e-10	42.8	3.1	3.77
SORD	1.0e-05	8.8	120.2	-3.77
SLC35F2	3.3e-07	13.6	1.0	3.77
C3orf52	2.7e-07	13.6	1.0	3.77
OVOL2	1.9e-08	13.6	1.0	3.76
FYB2	1.0e-06	1.0	13.5	-3.76
CAPN6	1.5e-04	13.6	1.0	3.76
PHYHD1	8.2e-07	2.2	30.1	-3.75
TES	1.2e-15	84.8	6.3	3.75
PLXNA3	2.2e-12	15.6	1.2	3.75
FGFR1	9.1e-07	46.2	3.5	3.74
SLC7A2	2.8e-06	8.0	106.4	-3.74
COL1A2	6.7e-07	421.5	31.6	3.74
PPP1R14C	1.2e-04	13.4	1.0	3.74
PTGFR	3.6e-06	13.3	1.0	3.74
NCS1	3.0e-09	14.5	1.1	3.73
TPM4	8.6e-10	548.3	41.2	3.73
DEPDC1B	3.6e-04	13.3	1.0	3.73
TMEM163	5.0e-04	13.3	1.0	3.73
AKR1B10	3.8e-04	90.4	6.8	3.73
PRKX	2.8e-12	16.2	1.2	3.73
APOM	3.2e-05	50.4	667.7	-3.73
DNM1	1.7e-06	26.2	2.0	3.73
CUEDC1	8.9e-15	52.3	3.9	3.73
F11	2.4e-05	4.9	64.4	-3.72
ABCC2	9.4e-04	4.6	61.2	-3.72
CYS1	1.5e-04	30.7	2.3	3.72
LXN	4.7e-07	32.5	2.5	3.72
GCNT4	2.2e-07	13.1	1.0	3.71
GADD45G	2.2e-05	20.0	263.0	-3.71
CMTM3	5.8e-09	63.7	4.9	3.71
ELMO3	2.5e-11	81.1	6.2	3.71
PAPLN	4.9e-06	13.1	1.0	3.71
B3GALT4	5.8e-13	18.7	1.4	3.71
ALDH6A1	1.4e-08	12.2	159.9	-3.71
PAQR4	2.8e-09	13.1	1.0	3.71
TROAP	1.2e-06	13.0	1.0	3.70
SLC25A36	5.9e-11	20.2	1.6	3.70
LINC02037	3.1e-05	1.0	13.0	-3.70
SLC1A5	7.5e-07	92.8	7.1	3.70
TRIP10	1.2e-14	91.9	7.1	3.70
MFGE8	1.1e-09	94.8	7.3	3.70
GFRA1	1.1e-06	1.0	13.0	-3.70
EZH2	1.7e-11	14.4	1.1	3.70
MFAP2	2.0e-04	13.0	1.0	3.70
AFAP1	6.5e-10	12.9	1.0	3.69
MUC20	6.4e-05	37.7	2.9	3.69
PLVAP	8.0e-11	108.8	8.4	3.69
CNGA1	1.6e-04	1.3	16.9	-3.69
PAX8-AS1	2.4e-05	66.4	5.1	3.69
NCAPD2	1.2e-12	38.2	3.0	3.68
HUNK	5.3e-07	12.9	1.0	3.68
AKR7A3	4.9e-05	16.3	208.3	-3.68
B3GNT7	4.6e-05	17.4	1.4	3.68
COL16A1	2.9e-07	25.0	1.9	3.68
VANGL2	4.5e-05	12.8	1.0	3.68
UCK2	2.0e-10	17.0	1.3	3.68
TOR4A	2.0e-11	26.7	2.1	3.68
NEK2	2.0e-07	12.8	1.0	3.68
ARNT2	9.6e-07	12.7	1.0	3.67
NRAV	2.9e-12	30.3	2.4	3.67
CTXN1	2.8e-05	12.7	1.0	3.67
LINC01291	3.3e-05	12.7	1.0	3.67
GPC4	4.5e-06	15.4	1.2	3.67
TMC5	6.2e-04	12.8	1.0	3.67
C11orf80	1.3e-09	19.1	1.5	3.67
KCNN2	5.1e-04	1.0	12.8	-3.67
GLIS3	8.4e-10	22.0	1.7	3.67
FAM171A1	2.8e-07	107.9	8.5	3.67
NCK2	4.2e-13	112.7	8.9	3.67
TUBA1A	3.6e-09	145.0	11.5	3.66
FJX1	3.5e-08	16.9	1.3	3.66
A4GALT	3.1e-07	28.3	2.2	3.66
PLXNA1	6.8e-11	17.3	1.4	3.66
MOB3B	1.2e-08	12.6	1.0	3.65
ARMC9	4.6e-13	12.6	1.0	3.65
CKB	3.1e-06	115.6	9.2	3.65
SH3YL1	1.2e-09	118.2	9.4	3.65
ZNF83	2.0e-11	52.2	4.2	3.65
ARL4C	9.4e-06	98.1	7.8	3.65
PRR36	6.9e-06	12.5	1.0	3.64
ESR1	1.3e-04	1.0	12.4	-3.64
GC	1.4e-08	381.8	4767.7	-3.64
RAVER2	3.2e-09	17.3	1.4	3.64
CYP4F12	2.0e-04	4.1	50.1	-3.63
SLC39A10	3.8e-11	16.6	1.3	3.63
COLEC10	1.2e-04	1.4	17.2	-3.63
GAS5	9.8e-11	829.3	67.3	3.62
ISYNA1	1.8e-05	105.0	8.6	3.62
TRIM47	2.2e-11	94.8	7.7	3.62
SCD5	4.6e-04	41.9	3.4	3.62
CYP27A1	1.9e-10	65.0	800.0	-3.62
RBMS2	9.9e-12	16.8	1.4	3.61
PLLP	1.1e-10	124.6	10.2	3.61
RPL39L	4.6e-11	34.2	2.8	3.61
GREM2	1.7e-06	1.0	12.2	-3.61
PBLD	2.0e-07	21.2	256.3	-3.60
TBC1D16	4.4e-11	22.8	1.9	3.60
IL18	6.4e-05	111.0	9.2	3.60
ENO2	5.8e-06	19.8	1.6	3.60
GPRC5B	5.5e-09	38.0	3.1	3.59
SERPINF1	3.4e-06	120.4	1450.9	-3.59
LGALS9	4.2e-10	166.9	13.9	3.59
PYCARD	6.8e-09	102.1	8.6	3.58
SPATC1L	1.2e-09	12.0	1.0	3.58
NPAS2	3.5e-06	37.8	3.1	3.58
PHLDA2	1.3e-06	51.0	4.3	3.58
ARHGAP27	9.6e-13	34.8	2.9	3.58
FSTL3	6.9e-07	104.4	8.8	3.58
POU5F1	1.1e-06	12.0	1.0	3.58
HK1	1.2e-08	53.1	4.5	3.57
CXCL6	4.4e-05	92.4	7.8	3.57
CPB2	2.8e-10	76.7	909.7	-3.57
CHEK1	4.9e-12	11.9	1.0	3.57
SPATS2	1.6e-14	35.2	3.0	3.57
BHLHE41	1.8e-06	12.8	1.1	3.57
ARID3C	5.1e-05	1.0	11.9	-3.57
RGN	1.6e-06	19.0	225.3	-3.57
SELENOM	1.6e-08	235.7	20.1	3.56
SH3PXD2B	1.2e-09	24.1	2.0	3.56
VSNL1	2.9e-04	1.0	11.8	-3.56
DCXR-DT	3.6e-04	1.0	11.7	-3.55
SMARCD3	1.3e-08	21.9	1.9	3.55
SINHCAF	1.3e-10	38.1	3.3	3.54
CDC45	2.5e-09	11.6	1.0	3.54
KIF2C	5.5e-08	11.6	1.0	3.54
ATP1B3	5.0e-08	102.3	8.8	3.54
LINC01831	1.2e-04	1.0	11.5	-3.53
PTPN14	2.8e-07	11.5	1.0	3.53
OSBPL5	2.8e-10	18.4	1.6	3.53
LARP6	4.5e-09	17.3	1.5	3.53
GPSM1	2.1e-12	21.9	1.9	3.53
SDCBP2	2.9e-07	76.1	6.6	3.53
MICAL1	2.3e-05	31.3	2.7	3.53
PCNX2	1.2e-05	11.6	1.0	3.53
CENPU	6.1e-12	11.6	1.0	3.53
PRTFDC1	3.6e-09	11.6	1.0	3.53
IKBKE	4.5e-09	11.4	1.0	3.52
UNC119B	2.6e-10	15.5	1.4	3.52
ACSS1	1.8e-05	38.8	3.4	3.52
OLFML2B	3.1e-08	11.4	1.0	3.52
PHLDB1	4.9e-09	28.7	2.5	3.51
PPP2R2C	1.4e-04	11.4	1.0	3.51
TPX2	2.2e-08	24.0	2.1	3.51
MCM3	2.0e-14	119.5	10.5	3.51
GLIS2	1.2e-09	23.2	2.0	3.51
TAFA5	1.0e-05	11.3	1.0	3.50
RAP1GAP2	1.8e-08	11.3	1.0	3.50
LBH	2.3e-09	78.5	6.9	3.50
LMNB2	1.9e-11	39.9	3.5	3.50
LCAT	8.7e-10	22.9	259.2	-3.50
PAH	8.3e-06	49.3	558.4	-3.50
AACS	2.0e-13	42.8	3.8	3.49
CCDC112	2.4e-16	11.2	1.0	3.49
FOXJ1	1.1e-04	11.2	1.0	3.49
THBS2	8.4e-06	26.3	2.4	3.48
FAM189B	6.9e-11	43.0	3.9	3.48
DPP10-AS1	1.6e-04	11.1	1.0	3.48
AADAC	1.6e-08	32.4	361.6	-3.48
ST6GALNAC4	6.1e-10	26.1	2.3	3.48
SLC51A	1.8e-05	4.5	50.4	-3.48
ARRDC2	6.8e-09	227.4	20.4	3.48
DPCD	3.5e-11	55.0	4.9	3.48
TRIM45	6.7e-07	11.1	1.0	3.47
IQGAP3	3.3e-06	11.1	1.0	3.47
MIR4653	7.4e-08	11.1	1.0	3.47
FAR1	9.6e-12	20.2	1.8	3.47
GLB1L2	8.1e-10	11.1	1.0	3.47
IQGAP1	1.8e-11	80.8	7.3	3.47
PYGB	2.1e-08	142.0	12.8	3.47
VIM	5.9e-04	494.6	44.6	3.47
ANKRD29	4.7e-07	13.2	1.2	3.46
IFT52	2.9e-16	47.8	4.3	3.46
COL8A1	1.8e-05	11.0	1.0	3.46
CD58	2.2e-09	62.9	5.7	3.46
CHST10	5.7e-10	11.0	1.0	3.46
CAPS	3.9e-06	76.7	7.0	3.46
VWA7	2.5e-08	12.7	1.2	3.46
PCGF2	1.3e-15	37.5	3.4	3.46
LOC100506098	3.5e-08	11.0	1.0	3.46
PLEKHG2	1.5e-10	19.9	1.8	3.45
LTBP2	6.0e-06	24.5	2.2	3.45
RAB38	4.1e-08	10.9	1.0	3.45
NAT14	7.3e-09	34.3	3.2	3.44
C15orf39	6.2e-08	26.1	2.4	3.44
PNMA1	7.5e-11	36.8	3.4	3.44
DLG5	9.2e-11	11.9	1.1	3.44
ABHD6	1.9e-06	4.0	43.0	-3.44
CYBA	7.1e-08	720.9	66.5	3.44
MLLT3	4.3e-09	10.8	1.0	3.43
IER3	8.7e-06	69.8	6.5	3.43
ENPP7	1.7e-04	1.0	10.8	-3.43
KIF3C	6.4e-05	10.8	1.0	3.43
KRTCAP2	9.9e-09	26.7	2.5	3.43
COL5A1	1.1e-07	55.7	5.2	3.43
E2F5	2.1e-11	13.7	1.3	3.43
NDE1	1.2e-13	13.5	1.3	3.42
CENPF	2.0e-07	10.7	1.0	3.42
G6PD	3.2e-05	46.2	4.3	3.42
RASAL2	1.9e-08	19.7	1.8	3.42
KLC2	1.1e-16	29.6	2.8	3.42
TTLL1	5.6e-15	10.7	1.0	3.42
GPT	4.6e-05	13.5	144.6	-3.42
DENND6B	2.0e-10	10.7	1.0	3.42
PDE7A	8.6e-05	13.2	1.2	3.41
BIK	4.1e-05	10.6	1.0	3.41
QSOX1	2.5e-05	179.4	16.8	3.41
ANKRD52	2.9e-13	18.8	1.8	3.41
BLVRA	1.5e-11	79.1	7.5	3.40
ENPP1	2.0e-10	2.3	24.4	-3.40
KIF20A	3.9e-09	10.5	1.0	3.40
BCL9L	9.4e-09	29.6	2.8	3.40
STMN1	2.1e-08	112.0	10.6	3.40
KLHL29	1.4e-09	12.2	1.2	3.40
PIWIL4	1.2e-05	10.5	1.0	3.40
FCHSD1	2.5e-09	11.0	1.0	3.40
ARL2	4.0e-11	81.0	7.7	3.40
CFH	1.5e-07	77.0	809.1	-3.39
CD302	8.8e-05	1.0	10.6	-3.39
FUT4	1.7e-10	10.5	1.0	3.39
MXD3	9.3e-11	18.4	1.8	3.39
FAM241B	1.6e-13	29.4	2.8	3.38
ZNF213	8.5e-15	17.2	1.6	3.38
GOLGA7B	1.3e-07	10.4	1.0	3.38
MCM6	2.7e-16	31.0	3.0	3.38
SRC	2.7e-15	62.1	5.9	3.38
YEATS2	2.4e-16	18.8	1.8	3.38
MKI67	4.1e-09	10.4	1.0	3.38
PIP4P2	2.4e-10	14.1	1.4	3.37
SLC52A2	9.9e-13	70.0	6.8	3.37
SLC9A1	1.1e-08	22.0	2.1	3.37
CEP55	2.6e-06	10.4	1.0	3.37
SEC14L6	1.9e-06	10.3	1.0	3.37
TMEM164	5.6e-11	16.6	1.6	3.37
HELLS	1.5e-10	10.4	1.0	3.37
RUSC1	3.9e-11	51.5	5.0	3.37
CD44	1.7e-04	61.0	5.9	3.37
ANTXR1	1.7e-06	54.6	5.3	3.36
EVC	1.2e-07	26.8	2.6	3.36
RAI1	1.5e-11	20.7	2.0	3.36
IFT140	6.1e-13	19.4	1.9	3.36
DRAM1	5.5e-08	33.8	3.3	3.36
ACADL	4.4e-05	2.4	24.5	-3.35
OSBPL7	9.2e-08	10.2	1.0	3.35
GATM	4.3e-07	154.0	1568.2	-3.35
ZNF385B	2.1e-04	1.0	10.2	-3.35
ANLN	1.9e-07	10.2	1.0	3.35
MITF	8.4e-07	13.1	1.3	3.35
FBXL19	1.7e-17	17.4	1.7	3.35
MLF1	4.8e-08	10.3	1.0	3.35
TUSC3	4.5e-09	41.3	4.0	3.35
KCNS3	1.1e-06	21.8	2.1	3.35
PWWP2B	1.1e-13	41.6	4.1	3.34
PIGS	3.0e-13	69.2	6.8	3.34
SLC39A6	5.5e-09	99.0	9.8	3.34
PDE5A	3.4e-08	12.8	1.3	3.34
SEMA3C	9.0e-04	10.1	1.0	3.34
JADE2	9.5e-13	22.6	2.2	3.34
CDCA8	4.4e-08	10.1	1.0	3.34
ITIH2	4.3e-08	160.4	1628.8	-3.34
MYO5C	4.8e-12	18.7	1.8	3.34
CD248	4.8e-10	30.9	3.1	3.34
CEP89	2.0e-14	17.8	1.8	3.34
ANXA4	2.4e-10	871.5	86.3	3.34
TUBB6	2.5e-07	110.4	11.0	3.33
ADAM28	1.6e-05	10.0	1.0	3.33
NUAK2	1.5e-05	35.0	3.5	3.33
FLVCR1	9.0e-09	10.1	1.0	3.33
TESMIN	3.3e-04	10.0	1.0	3.33
SEC14L2	3.1e-05	9.4	95.2	-3.33
RTN4RL1	1.9e-07	16.0	1.6	3.33
NPTXR	4.5e-08	10.1	1.0	3.33
DBNDD1	6.3e-09	65.3	6.5	3.33
ZNF618	2.7e-09	12.8	1.3	3.33
NME5	1.2e-07	10.0	1.0	3.33
CCDC102A	1.8e-11	16.6	1.7	3.33
OSBP2	8.9e-13	10.0	1.0	3.33
RAB3D	3.5e-12	10.0	1.0	3.32
AGMAT	1.2e-06	7.4	73.5	-3.32
SLC37A1	8.1e-14	25.0	2.5	3.32
GLYCTK	1.4e-06	10.1	100.7	-3.32
DTL	8.0e-10	10.0	1.0	3.32
AP3M2	3.3e-08	18.7	1.9	3.32
GJB3	4.6e-05	16.9	1.7	3.31
CCND2	2.0e-04	9.9	1.0	3.31
TMEM220	1.3e-06	6.9	68.9	-3.31
MPPED1	7.1e-04	1.0	9.9	-3.31
SPACA6	5.4e-10	9.9	1.0	3.31
AGTR1	3.0e-06	5.9	58.5	-3.31
GRAMD1A	6.5e-09	98.6	10.0	3.31
KNDC1	1.2e-05	9.9	1.0	3.31
ABCG2	2.3e-05	1.8	18.2	-3.31
KCNJ11	1.0e-07	9.9	1.0	3.31
SLCO3A1	2.9e-07	32.0	3.3	3.30
ABLIM2	1.2e-05	9.9	1.0	3.30
LAMB1	1.7e-10	127.1	12.9	3.30
SLC27A2	6.4e-05	20.6	203.1	-3.30
AGRN	1.5e-08	180.9	18.3	3.30
RECQL4	5.3e-09	10.7	1.1	3.30
MAP3K21	5.5e-07	20.0	2.0	3.30
ADM2	2.9e-08	10.5	1.1	3.30
ELF3	6.5e-09	170.6	17.4	3.30
MEAK7	6.0e-16	10.3	1.1	3.29
PCYOX1L	8.7e-09	9.8	1.0	3.29
FGD6	6.3e-08	17.2	1.8	3.29
DUSP4	1.2e-06	9.8	1.0	3.29
TYMS	2.4e-10	10.0	1.0	3.29
KIF12	1.6e-06	190.4	19.5	3.29
TANC2	7.6e-11	9.8	1.0	3.29
YJEFN3	3.9e-07	16.1	1.6	3.29
PRR7	1.5e-09	10.3	1.1	3.28
ASAP1	1.8e-09	30.2	3.1	3.28
THPO	1.7e-06	1.7	16.3	-3.28
FXYD5	4.7e-07	271.0	27.9	3.28
CHMP4C	7.3e-11	41.5	4.3	3.28
NEK11	1.1e-12	9.7	1.0	3.28
TMEM44	1.6e-10	21.5	2.2	3.28
C11orf49	1.4e-14	49.6	5.2	3.27
ETNK2	4.0e-05	9.6	92.2	-3.27
LIMK2	7.4e-09	42.2	4.4	3.27
PITX1	1.2e-04	9.6	1.0	3.27
HDGFL3	1.6e-09	9.7	1.0	3.27
ENDOD1	4.7e-06	39.9	4.1	3.27
C9orf116	7.3e-06	19.0	2.0	3.27
COLCA2	3.1e-08	9.6	1.0	3.27
IDUA	2.0e-11	41.6	4.3	3.27
ARMCX1	4.3e-08	19.0	2.0	3.26
CDA	1.6e-05	8.7	83.8	-3.26
COL6A3	3.5e-06	63.8	6.7	3.26
MYL9	8.6e-08	179.7	18.8	3.26
MAML2	1.7e-10	9.6	1.0	3.26
IMPDH1	3.1e-09	31.7	3.3	3.26
MARCKSL1	2.8e-08	281.9	29.5	3.26
AURKA	5.8e-09	14.2	1.5	3.26
SYK	1.9e-06	18.2	1.9	3.26
ZNF468	5.2e-12	9.7	1.0	3.26
VIL1	3.0e-05	55.4	5.8	3.25
LLGL1	5.2e-12	15.0	1.6	3.25
PTPN13	6.5e-07	9.5	1.0	3.25
TAP1	3.3e-08	96.0	10.1	3.25
LCN2	3.6e-04	71.1	7.5	3.25
PLXNB3	3.7e-04	9.5	1.0	3.25
SMAGP	2.4e-11	41.6	4.4	3.25
TC2N	2.4e-08	19.4	2.0	3.25
FANCI	6.7e-11	9.5	1.0	3.25
CASTOR3	1.2e-12	9.5	1.0	3.25
CYB561	1.4e-15	96.5	10.1	3.25
TACSTD2	2.6e-04	74.5	7.8	3.25
SCNN1A	3.0e-04	28.6	3.0	3.24
CARMIL1	2.2e-12	18.0	1.9	3.24
CENPH	7.9e-12	12.6	1.3	3.24
NIPA1	1.6e-10	28.8	3.1	3.24
C1orf198	6.6e-10	81.3	8.6	3.24
RHNO1	1.6e-14	36.7	3.9	3.24
DSTYK	4.9e-08	11.5	1.2	3.24
CHST3	4.0e-05	9.5	1.0	3.24
ANKRD13D	4.8e-11	54.3	5.7	3.24
ARHGEF2	5.9e-07	37.5	4.0	3.24
GINS2	1.6e-10	10.3	1.1	3.23
ALDOA	3.5e-07	9.5	1.0	3.23
SLC39A5	5.3e-10	20.3	190.5	-3.23
RTN2	4.9e-09	14.2	1.5	3.23
HAPLN3	1.8e-05	9.4	1.0	3.23
MOGAT3	3.7e-04	1.0	9.4	-3.23
RALGPS1	8.3e-09	9.4	1.0	3.23
JRK	2.0e-10	11.7	1.2	3.23
FZD6	3.5e-10	23.8	2.6	3.22
SEPTIN8	1.7e-10	53.5	5.7	3.22
TNFRSF4	4.2e-04	9.3	1.0	3.22
TYRO3	3.2e-05	9.3	1.0	3.22
LINC00857	1.9e-09	12.6	1.4	3.22
MARVELD1	1.3e-07	27.4	2.9	3.22
ITGAM	2.3e-08	12.6	1.4	3.22
LAMC1	3.5e-08	118.5	12.7	3.22
CD14	2.0e-05	82.9	773.6	-3.22
GLS	4.0e-11	51.1	5.5	3.22
WWC1	1.6e-07	47.1	5.0	3.22
KNTC1	7.8e-12	9.3	1.0	3.22
NUDT1	1.1e-13	47.8	5.2	3.21
PKN1	3.3e-14	222.0	23.9	3.21
KCNMB3	1.4e-11	9.5	1.0	3.21
SNHG1	4.6e-13	91.0	9.8	3.21
FAM110A	2.0e-08	18.4	2.0	3.21
PDP1	4.0e-06	20.4	2.2	3.21
AADAT	2.4e-06	4.3	39.5	-3.21
FNBP1L	7.6e-11	62.3	6.7	3.21
CAPN2	1.5e-12	285.8	30.9	3.21
