Gene	FDRAdjustedP-value	CancerSampleMed	NormalSampleMed	|log2FC|
AQP8	5.1e-07	1.1	1601.7	-10.54
CA1	3.5e-10	1.0	1271.4	-10.31
ZG16	3.3e-11	1.2	895.8	-9.51
CLCA4	2.3e-08	1.0	658.1	-9.36
CA4	7.7e-13	1.0	553.7	-9.11
MS4A12	3.0e-08	1.3	684.4	-9.06
GUCA2B	4.3e-10	1.0	393.7	-8.62
CD177	8.9e-09	1.5	581.1	-8.58
CHGA	8.1e-11	1.3	368.2	-8.18
TMIGD1	4.1e-13	1.0	259.9	-8.02
GUCA2A	9.3e-13	13.4	2235.5	-7.38
PYY	3.3e-06	1.0	154.7	-7.27
CA7	3.9e-13	1.0	128.3	-7.00
UGT2B17	3.9e-09	4.0	507.5	-6.99
SLC26A3	2.4e-11	26.3	3009.5	-6.84
OTOP2	1.6e-10	1.0	109.5	-6.77
CLCA1	1.7e-13	13.3	1418.6	-6.74
BEST4	8.3e-12	1.0	86.2	-6.43
CLDN2	q<=9.5e-20	79.6	1.0	6.32
MT1M	6.1e-11	4.9	362.5	-6.20
CA2	1.9e-16	30.3	2221.1	-6.20
MMP7	q<=9.5e-20	68.7	1.0	6.10
ADH1B	5.3e-12	1.0	65.2	-6.03
SCNN1B	1.2e-10	1.7	107.1	-5.96
SCARA5	5.2e-17	1.0	60.2	-5.91
SLC4A4	6.6e-17	1.6	92.4	-5.88
CDH3	q<=9.5e-20	59.1	1.0	5.88
CEACAM7	1.4e-11	55.0	3026.6	-5.78
ADH1C	1.2e-14	12.6	672.0	-5.73
FOXQ1	q<=9.5e-20	52.4	1.0	5.71
CDKN2B-AS1	1.9e-12	1.0	52.5	-5.71
C11orf86	1.8e-10	1.2	60.7	-5.65
ITLN1	2.8e-06	9.0	450.8	-5.64
JCHAIN	2.4e-11	120.3	6022.9	-5.64
CWH43	1.4e-15	1.0	49.4	-5.63
B4GALNT2	1.7e-09	1.0	49.5	-5.63
LYPD8	8.8e-10	10.6	526.5	-5.63
ETV4	q<=9.5e-20	121.5	2.6	5.57
SLC26A2	5.9e-12	13.2	616.5	-5.54
BEST2	6.8e-11	1.0	45.0	-5.49
ANPEP	5.9e-04	18.9	830.5	-5.46
CEMIP	q<=9.5e-20	44.9	1.0	5.46
CHP2	6.5e-17	11.3	458.6	-5.34
UGT2A3	5.2e-16	2.5	100.5	-5.34
CASC19	4.6e-15	129.6	3.3	5.31
MT1H	1.6e-06	6.3	241.2	-5.26
DNASE1L3	3.5e-14	1.4	48.7	-5.15
ABCG2	6.2e-06	1.0	35.5	-5.15
DHRS9	2.2e-13	7.4	249.9	-5.08
SPIB	8.0e-14	1.0	33.1	-5.05
B3GNT6	2.5e-12	1.7	56.0	-5.02
SST	1.7e-04	1.0	30.9	-4.95
CLDN8	2.5e-05	1.0	30.8	-4.94
CLDN1	q<=9.5e-20	68.4	2.4	4.86
TRPM6	2.2e-09	1.2	34.1	-4.83
UGT2B15	2.8e-08	1.5	41.4	-4.81
NXPE4	2.8e-15	9.2	259.1	-4.81
BMP3	6.0e-14	1.0	27.9	-4.80
PKIB	3.3e-18	7.1	194.1	-4.78
SULT1A2	1.0e-10	1.5	40.1	-4.72
MMP3	q<=9.5e-20	26.0	1.0	4.70
PI16	5.4e-09	1.0	25.7	-4.68
SCGN	3.3e-12	1.0	25.6	-4.68
PRSS22	q<=9.5e-20	35.5	1.4	4.67
HSD17B2	9.8e-11	8.0	195.6	-4.61
CST1	1.1e-12	24.4	1.0	4.61
SLC51B	8.2e-14	7.5	182.3	-4.60
GREM2	3.1e-12	1.0	24.0	-4.59
USP2	1.7e-09	1.1	25.1	-4.56
KRT23	q<=9.5e-20	23.1	1.0	4.53
TMEM82	1.3e-14	1.4	31.1	-4.52
LYVE1	3.7e-08	1.2	27.9	-4.51
KRT80	q<=9.5e-20	22.8	1.0	4.51
TMEM236	1.1e-15	2.3	50.4	-4.48
LRRN2	3.0e-10	1.2	27.4	-4.48
UGT1A10	1.8e-14	2.0	44.1	-4.47
C7	2.1e-06	1.5	32.5	-4.46
VSIG2	5.9e-15	15.7	342.7	-4.45
FCGBP	3.3e-11	35.3	768.4	-4.45
ADTRP	1.4e-14	5.9	129.0	-4.45
TMEM72	2.9e-13	1.0	21.8	-4.45
SFRP1	8.0e-09	1.0	21.7	-4.44
CNTFR	5.3e-09	1.0	21.1	-4.40
CLEC3B	3.2e-15	3.0	62.1	-4.39
EDN3	7.9e-18	3.2	66.7	-4.38
CTSG	1.3e-13	1.0	20.7	-4.37
VIP	1.0e-06	1.7	35.4	-4.36
HEPACAM2	1.3e-09	4.8	96.8	-4.33
OGN	2.8e-07	1.0	19.9	-4.32
CCN5	1.7e-08	1.0	19.9	-4.31
AKR1B10	4.9e-14	10.4	203.8	-4.29
ELFN1-AS1	q<=9.5e-20	19.5	1.0	4.28
CPNE7	q<=9.5e-20	19.2	1.0	4.26
STMN2	7.9e-16	1.5	28.2	-4.26
VWA2	q<=9.5e-20	21.2	1.1	4.24
CHI3L1	1.0e-19	28.0	1.5	4.24
SLC51A	7.9e-07	4.0	75.5	-4.23
TNFRSF17	3.0e-12	1.9	35.8	-4.23
GPR15	3.0e-12	1.0	18.6	-4.22
LARGE2	q<=9.5e-20	29.3	1.6	4.21
PADI2	1.5e-15	19.9	364.9	-4.20
C2orf88	2.5e-18	3.7	66.2	-4.18
EYA2	3.4e-10	1.4	24.5	-4.17
CA9	2.2e-16	24.5	1.4	4.16
SLC17A4	4.3e-11	1.8	31.2	-4.15
MT1G	2.4e-11	109.5	1940.5	-4.15
GSTM1	1.7e-04	1.0	17.7	-4.15
GRIN2D	q<=9.5e-20	17.6	1.0	4.14
TNXB	1.7e-07	1.4	24.7	-4.14
BTNL8	1.5e-10	6.1	107.4	-4.13
GDPD2	9.0e-11	1.5	25.2	-4.08
ABCA8	1.4e-17	1.0	16.8	-4.07
TRIM29	q<=9.5e-20	54.7	3.3	4.05
GPT	3.0e-16	5.4	89.4	-4.04
SLC9A3	5.1e-06	3.7	59.7	-4.03
PDX1	q<=9.5e-20	16.4	1.0	4.03
TESC	q<=9.5e-20	92.8	5.7	4.02
ADAMDEC1	1.3e-13	20.5	319.8	-3.96
DPT	1.7e-05	1.6	25.3	-3.96
INHBA	3.8e-16	15.5	1.0	3.95
CHRDL1	5.0e-06	1.6	25.1	-3.94
PLP1	2.7e-07	1.0	15.1	-3.92
C6orf223	q<=9.5e-20	15.1	1.0	3.91
MMP1	q<=9.5e-20	59.5	4.0	3.91
B3GNT7	2.6e-06	7.0	104.7	-3.90
PCSK1N	4.3e-04	1.0	14.8	-3.89
NKD2	q<=9.5e-20	17.6	1.2	3.88
FABP1	6.6e-14	924.7	13411.3	-3.86
FAM107A	1.7e-10	1.4	20.0	-3.86
KRT17	5.8e-04	14.4	1.0	3.85
FOSL1	6.5e-16	19.5	1.4	3.81
MIR3189	q<=9.5e-20	14.0	1.0	3.78
TPSG1	6.7e-10	3.2	43.8	-3.77
MT1F	7.1e-11	28.8	391.4	-3.77
CGREF1	q<=9.5e-20	34.1	2.5	3.76
TMEM37	4.3e-13	14.4	193.6	-3.75
LINC02418	q<=9.5e-20	13.5	1.0	3.75
SERPINB5	q<=9.5e-20	43.0	3.2	3.75
WSCD1	4.0e-15	1.5	20.3	-3.75
GCNT2	6.8e-18	1.0	13.3	-3.74
UGT1A8	7.6e-12	1.0	13.4	-3.74
URAD	9.8e-11	3.7	49.2	-3.73
ECRG4	2.3e-06	1.0	13.2	-3.72
FABP2	2.3e-04	3.8	49.7	-3.72
CCL13	3.0e-08	2.2	29.6	-3.72
CXCL8	2.9e-04	52.1	4.0	3.71
CFD	2.3e-13	17.2	224.6	-3.71
STC2	q<=9.5e-20	13.0	1.0	3.70
DPP10-AS1	2.6e-11	1.0	13.0	-3.70
SCGB2A1	1.0e-05	1.0	13.0	-3.69
LDHD	4.7e-16	8.5	109.4	-3.68
MSX2	q<=9.5e-20	12.8	1.0	3.68
TRIB3	q<=9.5e-20	76.3	6.0	3.67
MOGAT2	1.3e-14	9.7	123.3	-3.67
MT1E	2.5e-13	70.3	893.1	-3.67
ENTPD8	5.7e-11	9.1	114.8	-3.65
EPHX4	q<=9.5e-20	12.5	1.0	3.65
C16orf89	3.4e-11	1.0	12.4	-3.64
MAMDC2	2.3e-08	1.0	12.4	-3.64
CBX2	q<=9.5e-20	12.5	1.0	3.64
MDFI	q<=9.5e-20	18.7	1.5	3.64
SLC25A34	1.0e-13	1.0	12.3	-3.62
MMP11	q<=9.5e-20	119.7	9.8	3.61
TMEM100	1.5e-14	1.0	12.1	-3.59
CCL19	1.1e-04	3.7	44.5	-3.58
COL10A1	q<=9.5e-20	11.9	1.0	3.57
NR1H4	4.9e-04	1.0	11.9	-3.57
CTHRC1	q<=9.5e-20	51.2	4.4	3.54
CLC	8.3e-04	1.0	11.6	-3.54
PCK1	2.2e-10	15.6	180.9	-3.54
SLC13A2	2.7e-05	2.1	24.5	-3.52
PLAAT2	4.1e-05	2.1	23.4	-3.51
CDKN2B	2.1e-14	8.5	97.3	-3.51
S100A2	4.8e-07	14.3	1.3	3.48
LGALS9C	7.9e-09	2.2	24.3	-3.48
EVA1A	q<=9.5e-20	11.2	1.0	3.48
MMRN1	7.0e-10	1.0	11.1	-3.47
CCL8	2.1e-07	2.2	23.9	-3.44
BTNL3	3.0e-14	8.7	94.3	-3.43
CXCL11	2.4e-11	13.0	1.2	3.42
SELENOP	1.7e-08	28.6	305.3	-3.42
BBOX1-AS1	q<=9.5e-20	10.6	1.0	3.41
RBPMS2	7.3e-04	1.6	16.6	-3.41
CD79A	5.9e-07	9.2	97.6	-3.41
C2CD4A	q<=9.5e-20	10.6	1.0	3.40
MAL	1.4e-08	1.0	10.5	-3.40
SECTM1	1.6e-09	19.4	203.4	-3.39
CLEC10A	9.7e-13	2.1	21.9	-3.39
HPGD	3.7e-15	19.6	205.0	-3.39
LILRB5	5.6e-14	1.4	15.0	-3.38
HBB	1.4e-04	21.7	226.1	-3.38
CD163L1	3.2e-10	2.1	21.5	-3.37
PTGDR	1.2e-10	1.0	10.2	-3.36
PCOLCE2	8.2e-08	1.0	10.2	-3.36
F13A1	2.4e-06	4.3	44.8	-3.36
PLAC8	1.1e-12	43.2	442.1	-3.36
B3GALT5	8.7e-09	2.5	25.8	-3.36
MMP28	4.2e-16	5.5	56.1	-3.35
TNS4	q<=9.5e-20	74.0	7.2	3.35
LRRC26	7.3e-05	1.0	10.2	-3.35
IGLL5	2.0e-08	1.0	10.2	-3.35
SEMA6D	1.2e-14	2.4	23.9	-3.34
COL11A1	q<=9.5e-20	10.0	1.0	3.33
SLCO4A1	q<=9.5e-20	46.7	4.6	3.33
PCSK9	q<=9.5e-20	40.6	4.0	3.33
HHLA2	2.3e-15	23.5	234.4	-3.32
SMIM32	6.4e-16	2.1	21.0	-3.32
HMGCS2	5.0e-11	96.1	952.3	-3.31
ASCL2	q<=9.5e-20	121.6	12.2	3.31
KLK10	4.7e-19	9.8	1.0	3.29
ANGPTL1	5.1e-04	1.0	9.8	-3.29
MADCAM1	1.2e-09	1.0	10.1	-3.29
TUBAL3	5.1e-12	5.6	54.6	-3.29
EPOP	q<=9.5e-20	9.7	1.0	3.29
CCL23	2.1e-11	1.0	9.7	-3.28
FER1L6	1.7e-07	1.0	9.7	-3.27
MLXIPL	q<=9.5e-20	27.1	2.8	3.27
LGALS2	3.5e-06	11.8	112.9	-3.26
PHGR1	5.2e-12	346.4	3318.9	-3.26
BRINP3	3.1e-11	1.0	9.5	-3.25
MB	5.4e-12	3.2	30.1	-3.25
SULT2B1	q<=9.5e-20	28.0	3.0	3.24
ACKR1	9.3e-09	5.6	52.7	-3.23
CLDN23	5.8e-11	13.2	123.5	-3.23
FAP	q<=9.5e-20	9.3	1.0	3.21
SPTBN2	q<=9.5e-20	9.3	1.0	3.20
SPP1	2.5e-18	82.5	9.0	3.19
ADCY5	2.8e-07	1.0	9.6	-3.19
NEU4	5.3e-13	5.6	50.5	-3.18
POU5F1B	q<=9.5e-20	9.0	1.0	3.17
PLN	8.2e-04	3.6	32.5	-3.16
CEL	3.9e-15	8.9	1.0	3.16
ESM1	q<=9.5e-20	9.0	1.0	3.16
SIM2	q<=9.5e-20	8.9	1.0	3.15
BCHE	7.1e-05	1.0	8.9	-3.15
ABI3BP	5.5e-08	1.8	16.4	-3.15
AJUBA	q<=9.5e-20	18.5	2.1	3.15
CD36	2.1e-10	4.5	40.0	-3.14
EPB41L3	q<=9.5e-20	6.9	61.0	-3.14
FAM189A1	4.7e-16	1.0	8.8	-3.14
SCD	q<=9.5e-20	241.1	27.5	3.13
TRIM40	4.8e-04	1.3	11.2	-3.12
NKD1	2.4e-19	8.9	1.0	3.12
SELENBP1	2.5e-12	221.5	1909.0	-3.11
RNF152	1.4e-12	1.5	12.6	-3.11
PGM5	5.2e-04	4.5	38.2	-3.10
PRIMA1	2.3e-06	1.0	8.5	-3.09
RHPN1	q<=9.5e-20	14.8	1.7	3.09
CALB2	2.9e-06	2.2	18.9	-3.09
RERGL	7.3e-09	1.0	8.5	-3.08
CILP	2.5e-05	1.0	8.5	-3.08
SCIN	3.8e-11	3.2	27.3	-3.08
ASB2	4.9e-05	2.1	17.7	-3.08
HS6ST2	q<=9.5e-20	8.4	1.0	3.07
FOLR2	1.0e-07	6.1	51.1	-3.07
SLC7A5	q<=9.5e-20	89.1	10.6	3.07
CCNO	q<=9.5e-20	15.7	1.9	3.07
SLC6A6	q<=9.5e-20	47.4	5.7	3.07
NEURL1	2.5e-09	2.0	16.8	-3.05
TSPAN7	q<=9.5e-20	12.3	102.1	-3.05
CKB	1.3e-10	307.5	2540.8	-3.05
SULT1B1	1.4e-17	14.8	121.9	-3.04
IRF4	1.2e-07	1.4	11.6	-3.03
LGALS9B	7.5e-07	1.8	14.5	-3.03
TACSTD2	8.0e-18	15.3	1.9	3.02
MYEOV	q<=9.5e-20	27.5	3.4	3.02
CXCL1	q<=9.5e-20	105.2	13.0	3.02
BCAS1	1.4e-16	22.1	178.0	-3.01
GNG7	5.6e-19	1.2	9.8	-3.01
NKX2-3	5.9e-10	2.8	22.6	-3.01
SLC6A20	9.8e-07	8.1	1.0	3.01
CADM3	6.0e-11	1.0	8.1	-3.01
CXCL3	q<=9.5e-20	65.9	8.2	3.00
NR3C2	q<=9.5e-20	7.6	60.7	-3.00
ISX	2.4e-13	11.5	91.5	-2.99
TNFRSF12A	q<=9.5e-20	145.9	18.3	2.99
FHL1	1.0e-05	16.3	128.6	-2.98
AHCYL2	3.6e-15	32.4	256.6	-2.98
GSTM5	2.8e-12	1.3	10.0	-2.98
TGFBI	q<=9.5e-20	690.4	87.3	2.98
S100P	q<=9.5e-20	952.2	120.3	2.98
SLC38A4	8.5e-06	1.1	8.7	-2.97
HAGLR	6.6e-19	3.7	28.8	-2.97
MEP1A	2.4e-07	55.9	437.7	-2.97
CD209	1.8e-13	2.1	16.7	-2.96
KRT20	1.5e-14	299.8	2336.8	-2.96
DEFB1	3.3e-07	7.7	59.9	-2.96
HRCT1	1.4e-10	10.7	83.4	-2.96
BARX2	2.6e-13	4.1	32.1	-2.96
LRRC19	9.2e-16	12.0	93.3	-2.96
SGCA	3.4e-06	1.3	10.1	-2.95
CDHR5	6.0e-09	60.3	466.3	-2.95
GDF15	q<=9.5e-20	272.5	35.6	2.94
EREG	q<=9.5e-20	21.3	2.8	2.93
PLCL2	2.4e-17	2.9	21.7	-2.93
SP5	q<=9.5e-20	8.6	1.1	2.93
RASD2	9.3e-11	3.5	26.7	-2.92
HAGHL	q<=9.5e-20	12.9	1.7	2.92
GCNT3	1.7e-12	27.0	202.0	-2.91
ZBTB7C	5.7e-17	6.1	46.2	-2.91
VPREB3	3.4e-04	1.1	8.5	-2.91
CPM	7.5e-18	4.4	33.2	-2.91
SMPDL3A	3.7e-15	23.0	171.4	-2.90
TMEM220	1.1e-06	1.8	13.7	-2.90
PHLDA1	q<=9.5e-20	45.5	6.1	2.89
MZB1	6.3e-09	17.9	132.9	-2.89
PDK4	1.1e-05	10.3	76.2	-2.89
SFRP4	4.0e-17	16.6	2.3	2.88
MFAP5	4.8e-08	3.7	26.8	-2.87
PVT1	7.2e-12	19.3	2.6	2.87
PABPC1L	q<=9.5e-20	19.9	2.7	2.87
BMP5	9.8e-14	1.0	7.3	-2.87
HSD11B2	5.9e-19	114.9	841.7	-2.87
KLF4	3.6e-17	47.1	342.6	-2.86
ADAMTS12	q<=9.5e-20	7.2	1.0	2.86
SCUBE2	6.7e-12	1.5	11.1	-2.86
SULT1C2	3.1e-15	8.3	1.2	2.85
CCL28	2.6e-17	20.2	145.9	-2.85
CP	9.5e-06	1.0	7.2	-2.85
IL6R	5.1e-19	5.0	36.2	-2.85
ADAM12	8.5e-16	7.2	1.0	2.85
CELSR1	q<=9.5e-20	9.7	1.4	2.84
NXPE1	1.7e-10	5.2	37.6	-2.84
CCR2	7.7e-11	1.0	7.3	-2.84
MAFG-DT	q<=9.5e-20	7.1	1.0	2.84
CLDN5	2.6e-13	5.7	40.5	-2.83
NOTUM	2.8e-07	7.1	1.0	2.83
LTK	6.5e-08	2.2	15.4	-2.83
MALL	2.6e-15	8.6	60.9	-2.82
IL1R2	2.4e-08	9.7	68.5	-2.82
KLK6	6.5e-09	7.0	1.0	2.81
MT2A	2.9e-11	251.9	1766.0	-2.81
GPX3	9.1e-09	25.6	180.3	-2.81
AZGP1	q<=9.5e-20	117.5	16.9	2.80
PTGDR2	3.6e-09	1.0	7.0	-2.80
TPSB2	2.4e-10	7.4	51.0	-2.79
C15orf48	9.9e-19	93.0	642.8	-2.79
ATOH1	3.3e-08	7.5	51.5	-2.78
TNFRSF13B	6.4e-11	1.0	6.9	-2.78
COMP	6.0e-11	6.8	1.0	2.77
SRPX2	q<=9.5e-20	10.0	1.5	2.77
UCN3	8.6e-07	1.0	6.8	-2.77
SLC30A10	8.7e-06	1.0	6.8	-2.77
P2RY14	1.6e-11	1.6	10.6	-2.77
DHRS11	1.0e-16	45.4	309.7	-2.77
TDGF1	q<=9.5e-20	24.0	3.6	2.75
FGL2	1.0e-17	8.7	58.3	-2.75
SRPX	3.2e-07	4.5	30.3	-2.75
SDCBP2	5.8e-16	53.2	358.5	-2.75
NCAM1	8.8e-06	1.2	8.1	-2.74
SEMA6A	3.9e-18	6.3	42.0	-2.74
LGI4	7.0e-10	2.0	13.5	-2.74
GLP2R	8.1e-17	1.0	6.7	-2.74
TTLL6	3.0e-10	1.1	7.2	-2.73
L1CAM	3.3e-04	1.8	11.8	-2.73
CCL21	6.2e-10	23.0	153.1	-2.73
CA12	3.3e-16	37.5	248.1	-2.73
PCSK5	1.4e-14	3.0	20.2	-2.73
XDH	6.1e-08	6.4	42.7	-2.73
TBX10	2.2e-05	1.9	12.6	-2.72
P2RX1	2.1e-14	1.2	7.8	-2.72
SH2D7	3.3e-07	1.0	6.6	-2.71
PLAC9	5.5e-14	4.5	29.2	-2.71
ENTPD5	4.0e-16	28.6	187.5	-2.71
GPER1	3.4e-08	1.5	9.7	-2.71
ITM2C	q<=9.5e-20	397.5	2584.5	-2.70
CXCL12	1.5e-09	20.5	133.3	-2.70
BGN	q<=9.5e-20	208.1	32.1	2.70
FGFR2	4.3e-14	6.7	43.6	-2.70
NFE2L3	q<=9.5e-20	90.3	13.9	2.70
CAPN9	3.6e-08	3.4	21.9	-2.68
LIFR	6.9e-10	1.0	6.4	-2.68
CHRNA3	7.8e-06	1.2	7.4	-2.68
PRELP	3.8e-04	3.2	20.5	-2.68
ACADS	2.0e-17	52.8	335.3	-2.67
PSAT1	q<=9.5e-20	64.7	10.2	2.67
ANK2	1.9e-05	1.0	6.4	-2.67
PIGR	4.1e-16	1007.3	6400.0	-2.67
LRP8	q<=9.5e-20	6.3	1.0	2.66
PHLPP2	5.1e-11	5.2	32.9	-2.66
CYP2W1	8.7e-11	10.8	1.7	2.66
TNFSF9	2.3e-19	7.2	1.1	2.66
LINC02441	6.4e-13	6.1	38.0	-2.65
COL7A1	q<=9.5e-20	6.9	1.1	2.65
FCER1A	5.4e-09	1.0	6.2	-2.64
ADGRG7	5.5e-05	2.5	15.9	-2.64
ADORA3	2.4e-09	1.2	7.3	-2.64
PLCD1	4.8e-14	12.9	80.7	-2.64
TSPAN1	1.5e-15	361.5	2254.5	-2.64
B3GALT1	2.9e-14	1.0	6.2	-2.64
GPAT3	1.1e-17	5.3	32.8	-2.63
HPGDS	8.6e-13	1.0	6.2	-2.63
BMP7	q<=9.5e-20	15.1	2.4	2.63
HMCN2	3.8e-07	1.4	8.7	-2.63
SLCO4A1-AS1	q<=9.5e-20	6.2	1.0	2.63
LY9	7.8e-09	1.0	6.3	-2.63
PRKG2	3.0e-06	1.0	6.1	-2.62
BMX	2.5e-10	1.1	6.6	-2.62
PRR7	q<=9.5e-20	9.2	1.5	2.61
NTN1	5.3e-08	1.6	9.6	-2.61
APLN	q<=9.5e-20	6.1	1.0	2.60
VSNL1	q<=9.5e-20	27.6	4.6	2.60
CHAD	2.4e-09	1.0	6.1	-2.60
TINCR	7.0e-11	1.0	6.1	-2.60
TP53INP2	2.6e-14	22.7	137.7	-2.60
CPA3	5.7e-11	6.0	35.9	-2.58
DPF3	2.2e-18	1.0	6.0	-2.58
THRB	9.1e-11	1.8	10.9	-2.57
KCNMA1	8.0e-04	2.2	13.0	-2.57
METTL7A	q<=9.5e-20	32.0	189.5	-2.57
PDE2A	1.2e-05	1.3	7.9	-2.56
NPY1R	3.5e-08	1.0	5.9	-2.56
HOXB8	q<=9.5e-20	34.7	5.9	2.56
MEX3A	q<=9.5e-20	5.9	1.0	2.56
SULT1A1	8.7e-13	26.3	155.1	-2.56
MPZ	2.5e-08	1.2	7.2	-2.55
MTHFD1L	q<=9.5e-20	38.7	6.6	2.55
CMA1	1.3e-09	1.0	5.9	-2.55
HAND2-AS1	5.2e-04	1.0	5.9	-2.55
CES3	9.7e-15	20.1	117.5	-2.55
NR5A2	q<=9.5e-20	4.9	28.3	-2.54
PRKCB	5.3e-10	2.0	11.4	-2.54
STC1	q<=9.5e-20	9.0	1.6	2.54
GDPD3	2.1e-13	9.7	56.3	-2.54
CAVIN2	6.9e-05	3.8	22.4	-2.54
CCN4	q<=9.5e-20	5.8	1.0	2.54
SNCG	6.7e-08	2.9	16.8	-2.54
TMEM132A	q<=9.5e-20	25.3	4.4	2.53
PBLD	1.8e-11	22.5	130.1	-2.53
HTR1D	2.7e-10	5.8	1.0	2.53
GAP43	8.9e-06	1.0	5.8	-2.53
MFAP4	4.2e-09	32.9	190.5	-2.53
ARHGAP44	9.0e-15	7.2	41.4	-2.53
HAPLN1	5.0e-12	1.0	5.8	-2.53
P2RY1	q<=9.5e-20	2.7	15.8	-2.53
MYOC	7.5e-08	1.0	5.7	-2.52
SLC9A2	2.1e-17	7.8	44.6	-2.52
TPSAB1	1.7e-10	7.2	41.5	-2.52
CLU	1.1e-06	30.7	175.6	-2.52
SLC22A18AS	5.2e-17	5.9	34.0	-2.52
SLIT3	7.2e-07	2.1	12.0	-2.51
SULF1	q<=9.5e-20	84.8	14.9	2.51
CHST5	1.6e-07	1.0	5.7	-2.51
PTN	6.9e-11	3.0	17.2	-2.50
COL1A1	q<=9.5e-20	791.6	139.5	2.50
SHISA3	1.8e-06	1.0	5.7	-2.50
MACC1	q<=9.5e-20	19.6	3.5	2.50
SLC7A11	q<=9.5e-20	5.6	1.0	2.49
CDHR2	5.0e-04	15.3	85.6	-2.49
FRMD3	9.5e-13	3.1	17.3	-2.49
APOBR	1.9e-13	20.8	116.3	-2.48
TMPRSS13	q<=9.5e-20	5.5	1.0	2.47
KLK15	9.7e-05	1.2	6.7	-2.47
C10orf99	3.4e-13	151.1	836.0	-2.47
SLC17A9	q<=9.5e-20	29.1	5.3	2.47
DBNDD1	q<=9.5e-20	27.6	5.0	2.47
NEBL	q<=9.5e-20	34.0	6.1	2.47
TMEM253	2.4e-06	1.0	5.5	-2.46
ARNTL2	q<=9.5e-20	8.5	1.5	2.46
BMP6	1.1e-10	1.0	5.5	-2.46
THBS2	7.8e-19	22.2	4.0	2.46
CNTN4	1.6e-13	1.0	5.5	-2.45
JAM2	3.4e-11	2.5	13.7	-2.45
SLAMF7	1.4e-10	9.1	49.8	-2.45
HTR4	2.8e-10	1.0	5.5	-2.45
TMEM220-AS1	2.1e-13	1.2	6.7	-2.45
MPEG1	3.7e-14	9.7	53.2	-2.45
PDE9A	1.4e-09	21.6	117.8	-2.45
CD79B	6.5e-04	1.6	8.6	-2.45
CASP5	1.6e-07	7.6	41.1	-2.44
TMEM171	5.4e-14	24.6	133.7	-2.44
TCF21	3.4e-15	1.7	9.4	-2.44
GFRA3	1.1e-07	1.0	5.4	-2.44
SYNGR1	2.0e-06	1.9	10.4	-2.44
DUSP4	q<=9.5e-20	8.9	1.7	2.43
SERPINE1	1.4e-08	23.8	4.4	2.43
UCHL1	7.8e-06	5.5	29.6	-2.43
HILPDA	q<=9.5e-20	49.8	9.2	2.43
POU2AF1	3.3e-06	4.3	23.3	-2.43
TRIP13	q<=9.5e-20	32.8	6.1	2.42
CCDC69	4.1e-05	11.0	58.9	-2.42
KIAA1549	q<=9.5e-20	5.9	1.1	2.42
C3orf85	4.0e-05	2.3	12.5	-2.42
AMN	8.6e-10	45.1	239.9	-2.41
HOMER1	q<=9.5e-20	5.3	1.0	2.41
AMPD1	1.1e-08	1.0	5.3	-2.41
NIBAN1	2.7e-04	4.1	21.5	-2.41
RGS16	q<=9.5e-20	19.3	3.6	2.41
MSX1	1.0e-17	5.3	1.0	2.40
RGMA	9.9e-05	1.3	6.9	-2.40
ANLN	q<=9.5e-20	34.6	6.5	2.40
CEACAM1	6.5e-10	112.8	592.8	-2.39
SLCO2A1	8.3e-13	28.2	148.0	-2.39
RDH5	q<=9.5e-20	1.8	9.6	-2.39
SUGCT	7.1e-14	3.3	17.4	-2.38
CES2	7.8e-14	95.6	498.7	-2.38
TMCC3	2.3e-11	9.0	47.2	-2.38
SOX10	2.9e-06	1.0	5.2	-2.37
C1orf115	1.2e-10	23.6	122.1	-2.37
UNC5CL	2.6e-17	10.2	2.0	2.37
ADAMTSL1	6.8e-13	1.4	7.4	-2.37
PTGS1	3.8e-04	6.2	31.8	-2.36
OSR1	1.5e-06	1.0	5.1	-2.36
TMEM238L	1.1e-16	1.3	6.5	-2.36
COL12A1	1.2e-19	52.7	10.3	2.36
WDR72	q<=9.5e-20	5.1	1.0	2.36
SFTA2	1.0e-12	5.1	1.0	2.35
FAM189A2	1.3e-09	1.0	5.1	-2.35
DGAT2	5.6e-19	25.9	5.1	2.35
HSPB3	5.1e-04	1.0	5.1	-2.34
SCG2	6.7e-09	2.5	12.5	-2.34
ITM2A	4.4e-14	8.3	41.6	-2.33
LGR5	q<=9.5e-20	27.3	5.4	2.33
MUC4	4.2e-05	11.7	58.6	-2.33
PDE6A	1.6e-11	1.0	5.0	-2.32
NGFR	1.2e-05	1.0	5.0	-2.32
GFRA1	2.5e-05	1.0	5.0	-2.32
S100B	1.9e-05	3.7	18.6	-2.32
PLEKHS1	4.7e-16	23.4	4.7	2.32
CPNE8	4.2e-19	3.3	16.4	-2.32
VPS9D1-AS1	q<=9.5e-20	9.7	2.0	2.31
FMO5	7.7e-13	17.4	86.1	-2.31
CD27	5.0e-10	2.3	11.5	-2.31
CELSR3	q<=9.5e-20	5.0	1.0	2.31
VSTM2A	5.5e-12	1.0	5.0	-2.31
NAAA	3.5e-14	33.0	162.7	-2.30
AXIN2	q<=9.5e-20	77.7	15.8	2.30
TIMP1	q<=9.5e-20	835.0	169.1	2.30
PTPRH	7.8e-15	25.8	126.9	-2.30
SPINK2	5.9e-07	1.0	4.9	-2.30
ASPG	1.9e-05	1.0	4.9	-2.29
ADAM33	3.4e-06	1.2	6.0	-2.29
APOBEC3A	9.3e-04	1.0	4.9	-2.29
ANKRD13B	q<=9.5e-20	10.3	2.1	2.29
MT1X	4.0e-11	22.9	112.2	-2.29
GHR	1.4e-06	1.1	5.4	-2.29
IGFBP6	4.0e-08	14.7	71.9	-2.29
UCA1	7.6e-15	4.9	1.0	2.29
MFAP2	q<=9.5e-20	24.0	5.0	2.28
SNTB1	q<=9.5e-20	27.9	5.7	2.28
KIT	1.8e-11	2.5	12.0	-2.28
WNT2	q<=9.5e-20	4.9	1.0	2.28
ARL14	7.4e-08	13.1	63.8	-2.28
AOC1	2.2e-14	157.0	764.9	-2.28
RUNDC3B	1.9e-11	1.0	4.8	-2.28
LINC02057	1.9e-11	1.0	4.9	-2.28
GTF2IRD1	q<=9.5e-20	58.9	12.2	2.27
SCN7A	2.9e-04	1.0	4.8	-2.27
TENT5C	3.6e-12	8.5	41.1	-2.27
ALKAL2	1.6e-11	1.0	4.8	-2.27
XRCC2	q<=9.5e-20	5.2	1.1	2.27
LINC00659	q<=9.5e-20	4.8	1.0	2.27
SLC9A9	3.3e-15	1.5	7.3	-2.27
IQCN	2.2e-08	1.0	4.8	-2.26
GDPD5	q<=9.5e-20	18.0	3.8	2.26
H19	5.1e-08	10.5	2.2	2.26
PLA2G10	8.2e-15	8.2	39.2	-2.25
EDAR	q<=9.5e-20	7.5	1.6	2.25
SCN4B	4.4e-15	1.0	4.8	-2.25
BEX1	1.6e-06	1.0	4.8	-2.25
SLC22A3	q<=9.5e-20	18.0	3.8	2.25
AUNIP	q<=9.5e-20	8.2	1.7	2.25
GPM6B	7.8e-05	1.5	7.1	-2.25
FUT1	q<=9.5e-20	4.8	1.0	2.25
COL8A1	9.1e-18	15.9	3.4	2.24
PPM1H	q<=9.5e-20	18.2	3.8	2.24
PAQR5	6.1e-15	5.3	25.1	-2.23
IL23A	1.5e-11	4.7	1.0	2.23
TMPRSS3	q<=9.5e-20	9.4	2.0	2.23
NXPE2	1.9e-08	2.5	11.8	-2.23
REP15	1.3e-08	1.0	4.7	-2.23
RNF183	q<=9.5e-20	4.6	1.0	2.22
BMP2	9.9e-13	9.3	43.3	-2.22
PDE3A	1.5e-12	3.6	17.0	-2.22
CPNE5	6.9e-12	4.6	21.3	-2.22
ESAM-AS1	3.5e-15	1.2	5.8	-2.22
CCDC68	2.3e-15	6.2	28.8	-2.22
SIGLEC1	1.3e-05	1.8	8.4	-2.22
SNORA71B	9.7e-07	8.6	1.9	2.21
AQP7	5.5e-08	2.2	9.9	-2.21
PGGHG	q<=9.5e-20	26.0	5.6	2.21
MYO1A	2.2e-08	37.7	174.1	-2.21
MGP	2.0e-04	27.2	126.4	-2.21
DDIAS	q<=9.5e-20	7.4	1.6	2.20
PTP4A3	q<=9.5e-20	39.7	8.6	2.20
AKR1C2	1.4e-10	1.7	7.7	-2.20
LAMA1	7.5e-09	1.0	4.6	-2.20
VAT1L	1.6e-11	1.1	4.9	-2.20
TEAD4	q<=9.5e-20	42.5	9.3	2.20
PRPH	8.3e-07	1.0	4.6	-2.20
KIF14	q<=9.5e-20	4.9	1.1	2.19
MAPK15	q<=9.5e-20	4.6	1.0	2.19
MYOM3	q<=9.5e-20	8.1	1.8	2.19
RHEX	2.6e-12	1.0	4.6	-2.19
OLFM1	5.2e-10	3.0	13.7	-2.19
MIR4537	2.1e-04	1.0	4.6	-2.19
FOXP4-AS1	q<=9.5e-20	10.3	2.2	2.19
STRA6	2.5e-15	4.6	1.0	2.19
SPDEF	6.0e-07	12.8	58.2	-2.19
GPA33	1.0e-16	179.4	814.2	-2.18
PALD1	q<=9.5e-20	25.2	5.6	2.18
SGK1	1.4e-05	31.0	140.5	-2.18
C8G	5.6e-04	2.4	10.9	-2.18
PTPRR	1.4e-06	5.6	25.3	-2.17
LGALS4	q<=9.5e-20	2105.3	9499.9	-2.17
ADAMTS4	6.0e-05	6.8	1.5	2.17
SH2D6	3.3e-06	1.0	4.5	-2.17
SEC14L2	2.1e-07	4.5	1.0	2.17
SHH	q<=9.5e-20	39.1	8.7	2.17
LEF1	q<=9.5e-20	10.1	2.3	2.16
ATP2A3	2.4e-14	47.1	210.8	-2.16
COLEC12	7.3e-09	1.8	8.0	-2.16
CDC25B	q<=9.5e-20	126.8	28.4	2.16
ENC1	q<=9.5e-20	96.7	21.6	2.16
ERP27	3.3e-14	4.5	1.0	2.16
DAO	4.4e-07	1.0	4.5	-2.16
ASAP3	2.2e-17	6.6	29.2	-2.15
MAOA	1.0e-16	56.0	248.2	-2.15
SNHG17	q<=9.5e-20	107.8	24.3	2.15
KIAA0513	8.4e-18	5.2	23.0	-2.14
ASIC1	5.6e-17	10.2	2.3	2.14
FCRL5	9.8e-05	1.0	4.4	-2.14
PACSIN3	1.2e-04	20.9	4.8	2.14
CRYAB	1.6e-04	20.3	89.5	-2.14
NSG2	9.7e-07	1.0	4.4	-2.14
CNTN3	9.4e-13	1.0	4.4	-2.13
GABRE	q<=9.5e-20	22.1	5.1	2.13
KCNG1	2.1e-07	1.0	4.4	-2.13
AOX1	1.3e-05	1.0	4.4	-2.13
C1QTNF12	1.3e-09	5.2	22.5	-2.13
PRKAR2B	9.0e-14	3.3	14.3	-2.12
TCF7	q<=9.5e-20	45.4	10.4	2.12
GZMM	3.0e-06	1.5	6.5	-2.12
CTSW	7.8e-08	3.3	14.3	-2.12
PIGZ	5.1e-11	22.1	95.6	-2.12
C16orf54	6.6e-08	1.5	6.4	-2.12
COL27A1	q<=9.5e-20	7.0	1.6	2.12
PAPSS2	2.3e-16	51.2	223.1	-2.12
ADAMTS2	q<=9.5e-20	17.4	4.0	2.11
ZC3HAV1L	q<=9.5e-20	9.7	2.3	2.11
SKA3	q<=9.5e-20	22.6	5.2	2.11
PROM2	2.4e-11	11.5	49.7	-2.11
SMOX	q<=9.5e-20	26.1	6.0	2.11
MUC12	3.0e-04	9.9	42.7	-2.11
PDZD4	1.4e-04	1.0	4.3	-2.11
TMOD1	5.8e-05	1.0	4.3	-2.10
SLC6A14	1.1e-12	4.3	1.0	2.10
SNORD14E	1.0e-11	5.7	1.3	2.10
LPAR1	q<=9.5e-20	5.1	22.1	-2.10
CXCL2	q<=9.5e-20	34.3	8.0	2.10
SLC16A9	2.9e-06	6.1	26.1	-2.10
SMIM33	1.6e-05	1.7	7.4	-2.10
ULBP3	q<=9.5e-20	4.7	1.1	2.09
SLC4A11	q<=9.5e-20	4.3	1.0	2.09
CHL1	9.5e-10	1.0	4.3	-2.09
SYP	2.3e-10	2.0	8.6	-2.09
ANO5	1.2e-15	1.0	4.2	-2.08
MIR4435-2HG	q<=9.5e-20	9.4	2.2	2.08
CLIC5	2.4e-11	24.8	105.0	-2.08
PRR36	q<=9.5e-20	4.2	1.0	2.08
HSPA2	1.7e-04	12.9	53.9	-2.07
PALM	5.7e-07	3.9	16.5	-2.07
KLRB1	3.8e-10	2.2	9.1	-2.07
IQGAP3	q<=9.5e-20	29.1	6.9	2.07
ADRA2A	4.2e-08	5.2	21.8	-2.07
ASPA	3.2e-07	1.0	4.2	-2.07
NAT2	6.2e-16	7.4	31.1	-2.07
LDLRAD3	q<=9.5e-20	10.5	2.5	2.07
UHRF1	q<=9.5e-20	16.3	3.9	2.07
SMIM6	1.6e-11	5.1	21.3	-2.07
RCAN2	2.1e-14	4.9	20.2	-2.06
PRKACB	q<=9.5e-20	33.8	141.5	-2.06
PLCE1	2.6e-16	6.0	25.1	-2.06
SPON1	1.0e-07	10.9	44.8	-2.05
S100A11	q<=9.5e-20	1803.3	434.4	2.05
FFAR4	1.2e-04	5.2	21.6	-2.05
GGT6	4.7e-16	58.5	241.6	-2.05
ZNF575	9.5e-09	3.8	15.6	-2.05
CYSLTR1	7.2e-16	1.1	4.4	-2.05
RHOF	5.5e-09	1.2	5.0	-2.05
TRANK1	2.6e-10	7.3	30.5	-2.05
FLVCR2	6.3e-10	3.2	13.2	-2.05
CEP72	q<=9.5e-20	8.9	2.2	2.05
STX1A	q<=9.5e-20	10.3	2.5	2.05
SLC11A1	q<=9.5e-20	4.4	1.1	2.04
PID1	q<=9.5e-20	13.5	55.6	-2.04
CCDC80	4.4e-04	6.1	25.0	-2.04
GNG8	9.6e-07	1.0	4.1	-2.04
CRYBA2	3.9e-04	1.0	4.1	-2.04
PPP1R14A	1.9e-04	15.5	63.8	-2.04
ATP11A	q<=9.5e-20	24.1	5.9	2.04
CCNJL	6.7e-10	3.3	13.4	-2.04
KLHL35	3.8e-19	4.1	1.0	2.03
TRPA1	3.1e-05	1.9	7.8	-2.03
GRHL1	q<=9.5e-20	4.1	1.0	2.03
GALNT6	q<=9.5e-20	39.7	9.7	2.03
MIR145	6.6e-04	2.7	10.9	-2.03
PDCD4	1.5e-16	58.2	237.6	-2.03
TMEM59L	4.1e-06	1.0	4.1	-2.02
TGIF2	q<=9.5e-20	29.8	7.3	2.02
STRIP2	q<=9.5e-20	4.1	1.0	2.02
FXYD5	q<=9.5e-20	255.9	63.2	2.02
SEMA3G	2.8e-07	2.3	9.4	-2.02
GSN	5.1e-13	234.9	951.4	-2.02
PMAIP1	q<=9.5e-20	14.3	3.5	2.02
RHBDL2	6.2e-15	8.2	33.1	-2.02
RAB36	q<=9.5e-20	4.9	1.2	2.02
PLAU	q<=9.5e-20	45.4	11.2	2.02
AREG	q<=9.5e-20	140.0	34.4	2.02
GALNT15	2.2e-04	1.2	5.0	-2.02
PLCG2	7.5e-09	2.4	9.5	-2.01
WDR62	q<=9.5e-20	8.4	2.1	2.01
KRT24	2.1e-04	1.0	4.0	-2.01
FBXO41	q<=9.5e-20	6.7	1.7	2.01
SNORD46	3.9e-11	4.7	1.2	2.01
VSIG4	1.0e-04	8.3	33.5	-2.01
TCN1	2.5e-06	4.0	1.0	2.01
MFSD4A	4.1e-06	4.1	16.4	-2.01
EDIL3	2.3e-16	11.1	44.5	-2.01
DSCC1	q<=9.5e-20	16.5	4.1	2.00
NDN	5.5e-11	8.4	33.7	-2.00
HSF4	q<=9.5e-20	11.6	2.9	2.00
ORC6	q<=9.5e-20	25.0	6.2	2.00
C1QA	8.6e-07	88.0	351.4	-2.00
FJX1	q<=9.5e-20	4.0	1.0	2.00
SH3PXD2A-AS1	q<=9.5e-20	4.0	1.0	2.00
RSPO2	2.5e-07	1.0	4.0	-2.00
ST6GALNAC1	4.7e-09	79.0	315.4	-2.00
UGT1A1	6.6e-04	1.0	4.0	-2.00
LRRC66	5.6e-10	4.2	16.7	-2.00
PLPP1	q<=9.5e-20	25.5	101.6	-1.99
SQLE	q<=9.5e-20	82.9	20.8	1.99
UGP2	5.9e-17	112.2	446.3	-1.99
IGSF9	8.8e-11	11.0	43.6	-1.99
LRRC15	3.4e-15	4.6	1.2	1.99
COL4A1	5.2e-11	190.2	47.8	1.99
SLC22A5	3.5e-11	15.5	61.2	-1.98
LINC01687	1.1e-05	1.0	3.9	-1.98
BEX4	5.4e-11	10.8	42.4	-1.98
ITPKA	1.7e-12	12.3	48.6	-1.98
MYOM1	7.5e-04	1.0	3.9	-1.98
P2RY13	2.1e-07	1.4	5.4	-1.98
FBLN1	4.0e-09	62.6	247.4	-1.98
LINC01605	q<=9.5e-20	3.9	1.0	1.98
CD48	9.6e-11	4.8	18.8	-1.98
MS4A4A	4.9e-07	6.7	26.2	-1.98
TTC22	1.7e-13	22.5	88.8	-1.98
RECQL4	q<=9.5e-20	19.9	5.1	1.97
ADAMTS1	7.3e-05	8.9	34.9	-1.97
XKRX	q<=9.5e-20	4.5	1.2	1.97
NPY	2.0e-07	1.0	3.9	-1.97
VIPR1	2.5e-13	23.2	90.8	-1.97
LINC01133	1.7e-11	26.5	103.4	-1.97
ZNF415	6.8e-12	1.4	5.3	-1.96
C1QB	8.4e-06	108.6	423.6	-1.96
EFNA5	2.3e-09	1.3	5.2	-1.96
ECT2	q<=9.5e-20	54.2	13.9	1.96
FUCA1	2.7e-17	89.2	346.9	-1.96
CPXM1	7.7e-08	12.0	3.1	1.96
RASSF10	9.6e-17	3.9	1.0	1.96
LEMD1	q<=9.5e-20	3.9	1.0	1.96
ITGA8	2.3e-13	1.5	5.7	-1.96
TMEM63C	3.4e-08	2.3	8.8	-1.96
TMEM211	1.9e-19	3.9	1.0	1.96
RPL10L	6.0e-13	1.0	3.9	-1.96
DUSP14	q<=9.5e-20	24.5	6.3	1.96
FOXF2	9.6e-06	3.8	14.8	-1.96
C1QC	4.6e-08	111.0	432.6	-1.96
DACH1	q<=9.5e-20	15.8	4.1	1.96
LZTS3	q<=9.5e-20	19.8	5.1	1.95
CMBL	7.1e-16	41.3	159.5	-1.95
OSBPL3	q<=9.5e-20	17.7	4.6	1.95
SALL2	4.6e-04	1.0	3.9	-1.95
MCM10	q<=9.5e-20	8.2	2.1	1.95
UBE2C	q<=9.5e-20	283.3	73.3	1.95
NPR1	3.4e-07	1.8	6.9	-1.95
RERG	4.9e-04	2.3	8.9	-1.95
TTC26	q<=9.5e-20	6.6	1.7	1.95
EBI3	2.6e-11	2.1	8.2	-1.95
FEV	9.5e-07	1.0	3.9	-1.95
FRMD1	3.3e-08	4.7	18.0	-1.95
JPH1	q<=9.5e-20	19.2	5.0	1.95
FKBP1B	6.2e-10	1.4	5.5	-1.95
CAPN13	3.7e-07	5.5	21.2	-1.95
LMTK3	q<=9.5e-20	3.8	1.0	1.94
TLR3	1.6e-14	3.8	14.6	-1.94
JAML	2.7e-11	8.4	32.0	-1.94
IL16	2.0e-09	1.4	5.3	-1.94
SHROOM4	q<=9.5e-20	8.1	2.1	1.94
C2orf27A	q<=9.5e-20	5.6	1.5	1.94
ADH6	5.4e-13	4.7	18.3	-1.94
TEX11	8.5e-08	1.0	3.8	-1.94
TPX2	q<=9.5e-20	96.5	25.1	1.94
LRRN4CL	3.3e-08	2.0	7.8	-1.94
NECTIN4	q<=9.5e-20	13.2	3.5	1.94
ABCB1	5.6e-06	12.4	47.3	-1.93
TEX45	q<=9.5e-20	3.8	1.0	1.93
MRC1	1.4e-04	4.1	15.5	-1.93
LCN12	q<=9.5e-20	10.2	2.7	1.93
SETBP1	2.2e-04	1.2	4.7	-1.93
ZNF239	q<=9.5e-20	8.3	2.2	1.93
ABHD3	3.2e-12	39.6	150.6	-1.93
KIF18B	q<=9.5e-20	13.9	3.6	1.93
SLC12A9-AS1	q<=9.5e-20	6.1	1.6	1.93
TNFSF15	4.9e-08	6.5	1.7	1.93
DRAIC	8.1e-04	3.4	13.0	-1.93
AP1S3	q<=9.5e-20	8.3	2.2	1.93
GFRA2	1.3e-13	1.0	3.8	-1.92
CEP55	q<=9.5e-20	43.0	11.3	1.92
MCOLN2	5.0e-06	6.0	22.5	-1.92
ERCC6L	q<=9.5e-20	5.6	1.5	1.92
ASPHD1	q<=9.5e-20	9.0	2.4	1.92
MATN2	7.3e-11	21.6	81.6	-1.92
GNG4	q<=9.5e-20	12.9	3.4	1.92
SLC16A1-AS1	4.0e-17	8.2	2.2	1.92
ICAM3	1.7e-08	1.0	3.8	-1.92
FBLN2	7.2e-06	14.5	54.7	-1.92
TPSD1	1.7e-04	1.0	3.8	-1.91
APPL2	1.1e-12	43.4	162.8	-1.91
RMDN2	4.6e-18	6.7	25.2	-1.91
SCN9A	9.5e-14	1.0	3.8	-1.91
SMPD1	5.1e-17	26.0	97.9	-1.91
PPP1R16B	5.3e-10	2.4	9.1	-1.91
PGM5-AS1	7.8e-04	1.0	3.8	-1.91
MOCS1	6.5e-15	4.9	18.2	-1.90
MET	q<=9.5e-20	70.9	19.0	1.90
FAM89A	q<=9.5e-20	14.4	3.9	1.90
P3H2	1.4e-06	5.8	21.5	-1.90
GIMAP1	5.1e-12	1.1	4.2	-1.90
RETSAT	3.8e-14	78.8	292.9	-1.90
SLC39A10	q<=9.5e-20	18.9	5.1	1.90
TROAP	q<=9.5e-20	30.4	8.2	1.90
RFC3	q<=9.5e-20	50.3	13.5	1.90
HMOX1	1.9e-11	37.2	138.7	-1.90
CCL11	1.6e-06	6.0	22.5	-1.90
DERL3	6.2e-07	2.9	10.7	-1.90
ETHE1	4.5e-17	189.5	704.4	-1.89
IL1RN	8.3e-12	17.6	4.7	1.89
DPYD	1.7e-12	4.2	15.7	-1.89
B3GNT8	5.5e-13	14.6	53.9	-1.89
PPP2R3A	1.6e-19	3.5	12.9	-1.89
SNORA73B	2.3e-04	7.6	2.1	1.89
TOX	3.8e-12	3.8	13.9	-1.89
ACAA2	4.1e-14	68.5	252.8	-1.89
GIMAP8	4.8e-12	3.2	11.9	-1.89
DAAM2	1.5e-10	2.5	9.2	-1.89
FOXA2	q<=9.5e-20	40.8	11.0	1.89
NUF2	q<=9.5e-20	23.3	6.3	1.88
TMEM147-AS1	q<=9.5e-20	9.8	2.7	1.88
GJB3	1.3e-11	35.9	9.7	1.88
SPARCL1	6.2e-05	49.1	180.5	-1.88
SLC22A17	1.5e-07	4.1	15.3	-1.88
SHE	4.1e-10	1.0	3.7	-1.88
SNORD101	1.1e-09	7.1	1.9	1.88
PPARGC1A	3.5e-14	4.2	15.4	-1.88
TFR2	q<=9.5e-20	3.7	1.0	1.88
SLC36A1	1.1e-10	16.9	62.1	-1.88
ACVRL1	2.6e-17	29.8	109.8	-1.88
TLCD2	3.4e-13	6.2	22.7	-1.88
PLCD3	5.1e-13	35.4	130.0	-1.88
CCL15	4.7e-11	2.9	10.6	-1.88
CDKN2A	q<=9.5e-20	7.1	1.9	1.88
SMIM2-AS1	7.4e-06	4.8	17.4	-1.87
DIAPH3	q<=9.5e-20	12.9	3.5	1.87
PCAT1	6.6e-06	3.7	1.0	1.87
SNHG15	q<=9.5e-20	82.2	22.5	1.87
PUS7	q<=9.5e-20	26.3	7.2	1.87
MYBL2	q<=9.5e-20	86.6	23.7	1.87
C14orf132	8.2e-05	1.8	6.5	-1.87
MIR647	q<=9.5e-20	18.7	5.1	1.87
LYNX1	2.7e-04	1.0	3.7	-1.87
MIER3	2.0e-10	15.5	56.5	-1.86
SLC38A5	q<=9.5e-20	89.0	24.5	1.86
VILL	1.3e-15	47.3	171.9	-1.86
PIK3CG	5.5e-09	1.5	5.3	-1.86
OLFML2B	4.3e-09	17.9	4.9	1.86
DPEP2	1.3e-09	1.1	4.0	-1.86
BDKRB1	1.2e-11	1.8	6.4	-1.86
TDP2	2.2e-14	108.3	393.9	-1.86
CD1D	1.6e-13	1.7	6.2	-1.86
LINC01645	5.3e-07	1.0	3.6	-1.86
SOX9	q<=9.5e-20	161.4	44.8	1.85
MTBP	q<=9.5e-20	6.8	1.9	1.85
MYC	q<=9.5e-20	159.0	44.2	1.85
ZFAS1	q<=9.5e-20	86.7	24.1	1.85
STYK1	1.1e-14	8.3	30.0	-1.85
RPL36A	9.0e-19	15.3	4.2	1.85
GZMA	9.5e-04	9.7	34.9	-1.85
UGDH	2.0e-14	56.6	204.1	-1.85
LINC01748	2.0e-10	3.6	1.0	1.85
ATAD2	q<=9.5e-20	26.5	7.3	1.85
CCDC78	q<=9.5e-20	3.6	1.0	1.85
SAPCD2	q<=9.5e-20	29.5	8.2	1.85
SNORD19	7.5e-08	3.6	1.0	1.85
EIF4E3	q<=9.5e-20	4.4	15.9	-1.85
GYPC	2.3e-08	11.5	41.5	-1.85
SNORA33	6.9e-07	15.6	4.3	1.84
NR3C1	7.7e-14	4.8	17.1	-1.84
EDNRA	1.9e-16	8.6	2.4	1.84
GPRIN2	1.2e-11	1.5	5.3	-1.84
SLC1A1	4.4e-06	10.4	37.1	-1.84
CENPF	q<=9.5e-20	20.2	5.6	1.84
SOX4	q<=9.5e-20	90.2	25.3	1.84
COL5A2	q<=9.5e-20	60.5	16.8	1.84
LOC100130111	4.5e-04	1.0	3.6	-1.84
SMKR1	q<=9.5e-20	3.6	1.0	1.84
PAG1	8.8e-10	5.8	20.5	-1.83
CITED2	q<=9.5e-20	27.2	96.4	-1.83
RAB6B	6.4e-07	1.2	4.4	-1.83
ENHO	4.6e-12	1.0	3.6	-1.83
LINC01082	1.0e-12	1.0	3.5	-1.83
GPR34	6.5e-07	3.5	12.6	-1.83
E2F7	q<=9.5e-20	3.6	1.0	1.83
VSIR	3.3e-17	16.8	59.7	-1.83
RILP	6.2e-18	13.8	49.1	-1.83
TEF	5.0e-12	9.1	32.3	-1.82
C5orf52	1.1e-10	2.2	7.7	-1.82
ASB9	q<=9.5e-20	9.7	2.8	1.82
CNGA1	1.1e-06	1.8	6.3	-1.82
ATP6V1C2	q<=9.5e-20	3.5	1.0	1.82
ZZEF1	3.0e-14	14.4	50.6	-1.82
TMEM61	1.5e-09	1.0	3.5	-1.82
FOXD2	1.6e-12	8.4	29.8	-1.82
SNHG1	q<=9.5e-20	101.7	28.9	1.82
MATK	5.6e-08	1.8	6.2	-1.82
LIME1	q<=9.5e-20	3.5	1.0	1.82
TST	2.8e-16	286.0	1008.3	-1.82
CYS1	7.9e-06	1.7	5.8	-1.82
ASGR1	q<=9.5e-20	4.9	1.4	1.82
IFITM1	q<=9.5e-20	504.2	143.0	1.82
FCRL2	9.4e-06	1.0	3.5	-1.82
GZMB	5.6e-15	19.3	5.5	1.81
SOSTDC1	2.2e-12	5.6	19.6	-1.81
HDAC9	1.2e-11	1.8	6.2	-1.81
CYP27B1	q<=9.5e-20	4.0	1.1	1.81
CD180	1.4e-06	1.1	4.0	-1.81
SYT7	q<=9.5e-20	29.5	8.4	1.81
GLIPR2	1.5e-11	21.4	74.7	-1.80
POLR3G	q<=9.5e-20	4.3	1.2	1.80
FKBP10	q<=9.5e-20	77.3	22.2	1.80
CNNM4	1.5e-12	37.5	130.4	-1.80
PROX1	q<=9.5e-20	10.9	3.1	1.80
ADAMTSL3	6.5e-04	1.0	3.5	-1.80
EME1	q<=9.5e-20	3.5	1.0	1.80
RTN1	2.8e-07	2.3	7.9	-1.79
MFSD6L	1.9e-09	2.2	7.5	-1.79
STBD1	4.4e-14	2.1	7.5	-1.79
NMU	q<=9.5e-20	7.6	2.2	1.79
BRCA2	3.5e-19	3.5	1.0	1.79
ACSF2	1.5e-13	33.5	116.1	-1.79
ETFDH	q<=9.5e-20	16.5	56.9	-1.79
GIMAP7	2.0e-11	8.9	30.8	-1.79
MROH6	q<=9.5e-20	18.9	5.5	1.79
PAQR8	3.4e-14	36.9	128.1	-1.79
DIO2	q<=9.5e-20	3.7	1.1	1.79
MIR17HG	3.8e-08	3.5	1.0	1.79
FMO4	2.4e-13	3.4	11.8	-1.79
SPNS2	q<=9.5e-20	43.0	12.4	1.79
ACKR2	1.5e-11	1.0	3.5	-1.79
RAB37	1.3e-10	2.9	10.1	-1.78
PLEKHG4	q<=9.5e-20	20.7	6.0	1.78
PILRB	1.3e-16	5.5	1.6	1.78
C1QTNF2	3.5e-12	1.6	5.4	-1.78
SSBP2	6.9e-08	1.4	4.7	-1.78
TRPV3	5.2e-06	1.0	3.4	-1.78
LIF	q<=9.5e-20	21.1	6.1	1.78
C7orf31	1.7e-15	3.3	11.4	-1.78
VEGFD	2.7e-05	1.0	3.4	-1.78
MEI1	2.1e-08	1.2	4.1	-1.78
OLR1	2.0e-10	3.4	1.0	1.78
JAG2	q<=9.5e-20	16.1	4.7	1.78
KLK11	2.9e-16	7.0	2.0	1.78
NCF1	3.2e-09	4.9	16.7	-1.77
SNORD94	2.1e-05	4.7	1.4	1.77
KIAA0895	q<=9.5e-20	4.1	1.2	1.77
CHRNA1	3.5e-06	1.0	3.4	-1.77
BTK	3.4e-08	2.9	9.7	-1.77
SMIM14	4.3e-19	25.3	86.7	-1.77
SLC25A20	q<=9.5e-20	25.1	85.8	-1.77
HHIP	1.4e-08	1.0	3.4	-1.77
ENPP2	2.3e-11	10.6	36.1	-1.77
SNORA26	1.7e-05	3.9	1.1	1.77
CDK5RAP3	q<=9.5e-20	6.9	2.0	1.77
LAX1	8.9e-05	1.0	3.4	-1.77
PPAT	q<=9.5e-20	19.6	5.8	1.76
PTK7	q<=9.5e-20	52.2	15.4	1.76
LTC4S	1.2e-12	1.6	5.5	-1.76
MNX1-AS1	q<=9.5e-20	8.7	2.6	1.76
DCN	1.0e-08	68.0	230.0	-1.76
RSAD2	2.9e-05	5.3	17.9	-1.76
FRMD5	q<=9.5e-20	3.8	1.1	1.76
CDC6	q<=9.5e-20	22.0	6.5	1.76
SSTR1	1.1e-12	2.9	9.8	-1.76
FCMR	6.7e-05	3.1	10.4	-1.76
CORO2B	2.0e-08	1.0	3.4	-1.76
CDCA7	q<=9.5e-20	137.3	40.5	1.76
PEX26	1.4e-11	9.0	30.5	-1.76
PKMYT1	q<=9.5e-20	31.5	9.4	1.75
CCND1	q<=9.5e-20	119.5	35.4	1.75
RIMS3	6.3e-08	1.5	5.2	-1.75
